# burst 40
3210582 3472739
3341660 3472623
3341661 3472623
3341661 3472622
3341662 3472622
3341662 3472623
3341662 3472622
3341661 3472623
3341662 3472623
3341662 3472622
3341661 3472622
3341661 3472622
3341661 3472622
3341662 3472622
3341661 3472623
3341661 3472622
3341662 3472622
3341661 3472622
3341661 3472621
3341661 3472621
3341662 3472623
3341661 3472620
3341661 3472621
3341661 3472621
3341661 3472622
3341660 3472622
3341662 3472621
3341662 3472622
3341662 3472621
3341662 3472620
3341661 3472622
3341661 3472622
3341661 3472621
3341660 3472622
3341661 3472622
3341661 3472622
3341661 3472621
3341660 3472621
3341661 3472621
3341661 3472621
# burst 40
3341661 3472622
3341661 3472621
3341660 3472622
3341660 3472622
3341660 3472621
3341662 3472621
3341661 3472622
3341661 3472620
3341661 3472620
3341661 3472621
3341660 3472621
3341661 3472621
3341661 3472621
3341661 3472620
3341661 3472620
3341660 3472621
3341662 3472621
3341660 3472621
3341661 3472621
3341661 3472620
3341661 3472621
3341660 3472621
3341662 3472621
3341661 3472621
3341660 3472621
3341661 3472621
3341661 3472620
3341660 3472621
3341660 3472621
3341660 3472620
3341661 3472620
3341660 3472621
3341660 3472621
3341660 3472620
3341661 3472620
3341660 3472620
3341660 3472621
3341661 3472620
3341660 3472621
3341661 3472620
# burst 20
3341661 3472621
3341661 3472620
3341660 3472621
3341661 3472620
3341661 3472622
3341661 3472621
3341661 3472621
3341661 3472619
3341660 3472620
3341661 3472621
3341661 3472621
3341661 3472620
3341661 3472621
3341661 3472621
3341661 3472620
3341661 3472620
3341660 3472621
3341660 3472620
3341661 3472621
3341661 3472620
# burst 40
3341660 3472621
3175883 3173645
3175883 3173645
3175883 3173644
3175882 3173645
3175882 3173642
3175883 3173643
3175882 3173642
3175881 3173641
3175882 3173640
3175883 3173640
3175884 3173641
3175887 3173641
3175887 3173640
3175889 3173641
3175892 3173641
3175892 3173641
3175894 3173641
3175897 3173640
3175897 3173641
3175898 3173640
3175899 3173641
3175896 3173641
3175899 3173639
3175898 3173638
3175900 3173639
3175899 3173638
3175900 3173639
3175897 3173639
3175900 3173639
3175899 3173639
3175900 3173638
3175901 3173639
3175902 3173637
3175903 3173639
3175904 3173639
3175906 3173639
3175907 3173638
3175909 3173640
3175910 3173641
# burst 40
3175911 3173641
3175914 3173641
3175916 3173643
3175919 3173643
3175919 3173644
3175923 3173646
3175924 3173646
3175929 3173648
3175930 3173650
3175933 3173651
3175935 3173651
3175938 3173654
3175939 3173656
3175940 3173658
3175942 3173657
3175944 3173658
3175947 3173659
3175947 3173658
3175949 3173659
3175950 3173659
3175951 3173659
3175953 3173659
3175954 3173658
3175956 3173660
3175957 3173658
3175959 3173655
3175959 3173658
3175961 3173656
3175962 3173656
3175963 3173656
3175963 3173655
3175965 3173654
3175965 3173654
3175966 3173652
3175968 3173651
3175970 3173652
3175971 3173653
3175972 3173652
3175974 3173651
3175974 3173651
# burst 20
3175977 3173652
3175978 3173653
3175979 3173652
3175982 3173653
3175984 3173654
3175986 3173655
3175988 3173654
3175991 3173657
3175994 3173658
3175997 3173658
3175998 3173659
3176003 3173661
3176005 3173663
3176008 3173665
3176010 3173666
3176014 3173669
3176015 3173670
3176017 3173669
3176019 3173672
3176022 3173673
# burst 40
3176025 3173675
3176990 3174489
3176990 3174490
3176986 3174487
3176979 3174486
3176966 3174480
3176949 3174472
3176933 3174467
3176917 3174461
3176902 3174455
3176891 3174454
3176880 3174449
3176869 3174444
3176860 3174440
3176854 3174439
3176849 3174438
3176844 3174434
3176839 3174434
3176836 3174432
3176832 3174430
3176829 3174428
3176825 3174427
3176824 3174425
3176822 3174423
3176820 3174420
3176818 3174419
3176815 3174417
3176813 3174417
3176813 3174415
3176813 3174414
3176811 3174413
3176812 3174413
3176813 3174410
3176813 3174409
3176814 3174410
3176814 3174409
3176812 3174407
3176812 3174406
3176812 3174405
3176810 3174404
# burst 40
3176811 3174403
3176811 3174403
3176810 3174402
3176808 3174402
3176807 3174402
3176807 3174401
3176808 3174403
3176807 3174402
3176806 3174403
3176807 3174402
3176806 3174404
3176807 3174404
3176808 3174404
3176807 3174404
3176807 3174403
3176809 3174404
3176809 3174404
3176810 3174406
3176811 3174406
3176813 3174406
3176813 3174407
3176816 3174407
3176819 3174409
3176821 3174408
3176823 3174407
3176824 3174409
3176827 3174407
3176828 3174409
3176829 3174409
3176831 3174408
3176836 3174409
3176835 3174409
3176839 3174409
3176840 3174409
3176842 3174410
3176845 3174412
3176849 3174411
3176850 3174411
3176853 3174410
3176855 3174413
# burst 20
3176858 3174414
3176862 3174415
3176865 3174416
3176869 3174416
3176871 3174419
3176874 3174422
3176878 3174423
3176883 3174423
3176885 3174426
3176889 3174429
3176893 3174430
3176895 3174433
3176898 3174434
3176902 3174435
3176907 3174439
3176910 3174440
3176912 3174441
3176916 3174443
3176919 3174445
3176921 3174447
# burst 40
3176924 3174447
3177786 3175164
3177789 3175165
3177791 3175167
3177792 3175167
3177794 3175170
3177797 3175170
3177800 3175171
3177802 3175171
3177804 3175171
3177806 3175172
3177808 3175172
3177810 3175174
3177810 3175174
3177814 3175173
3177815 3175175
3177816 3175177
3177817 3175175
3177820 3175177
3177821 3175177
3177824 3175178
3177825 3175178
3177827 3175180
3177830 3175180
3177830 3175181
3177834 3175182
3177833 3175183
3177833 3175182
3177832 3175183
3177829 3175180
3177819 3175178
3177807 3175172
3177786 3175164
3177771 3175158
3177756 3175154
3177742 3175148
3177729 3175145
3177720 3175141
3177709 3175135
3177702 3175135
# burst 40
3177697 3175132
3177693 3175130
3177689 3175130
3177685 3175128
3177682 3175126
3177681 3175124
3177677 3175122
3177676 3175123
3177675 3175122
3177672 3175121
3177671 3175119
3177671 3175119
3177669 3175118
3177670 3175118
3177670 3175117
3177671 3175115
3177669 3175117
3177673 3175116
3177673 3175117
3177673 3175117
3177671 3175115
3177672 3175116
3177672 3175115
3177671 3175116
3177671 3175116
3177670 3175114
3177671 3175114
3177670 3175114
3177669 3175114
3177670 3175113
3177669 3175113
3177669 3175114
3177669 3175115
3177669 3175114
3177670 3175114
3177670 3175114
3177673 3175114
3177673 3175114
3177673 3175115
3177676 3175117
# burst 20
3177678 3175116
3177678 3175117
3177680 3175118
3177681 3175119
3177684 3175119
3177686 3175121
3177689 3175120
3177691 3175122
3177692 3175124
3177695 3175124
3177695 3175124
3177698 3175126
3177700 3175127
3177702 3175127
3177704 3175128
3177705 3175127
3177706 3175128
3177707 3175128
3177709 3175128
3177709 3175130
# burst 40
3177711 3175128
3178687 3175951
3178688 3175952
3178691 3175950
3178692 3175951
3178692 3175952
3178692 3175951
3178695 3175950
3178695 3175951
3178695 3175952
3178697 3175951
3178699 3175954
3178700 3175952
3178702 3175953
3178705 3175955
3178704 3175953
3178707 3175955
3178709 3175955
3178711 3175958
3178715 3175958
3178715 3175959
3178718 3175959
3178719 3175960
3178722 3175961
3178723 3175960
3178725 3175965
3178728 3175964
3178731 3175967
3178732 3175966
3178734 3175970
3178737 3175970
3178739 3175971
3178741 3175973
3178744 3175974
3178747 3175974
3178748 3175976
3178751 3175978
3178753 3175979
3178756 3175980
3178757 3175981
# burst 40
3178760 3175982
3178761 3175982
3178764 3175983
3178766 3175985
3178767 3175987
3178771 3175986
3178772 3175989
3178777 3175990
3178778 3175992
3178781 3175993
3178781 3175993
3178781 3175995
3178777 3175993
3178768 3175990
3178755 3175986
3178739 3175980
3178724 3175977
3178711 3175973
3178696 3175971
3178688 3175970
3178677 3175966
3178668 3175964
3178662 3175964
3178657 3175963
3178653 3175962
3178651 3175964
3178651 3175964
3178650 3175966
3178650 3175966
3178647 3175967
3178648 3175966
3178649 3175965
3178649 3175967
3178651 3175967
3178652 3175968
3178654 3175967
3178654 3175969
3178656 3175967
3178657 3175968
3178660 3175970
# burst 20
3178660 3175968
3178662 3175968
3178661 3175968
3178664 3175968
3178664 3175969
3178664 3175967
3178665 3175967
3178664 3175968
3178664 3175968
3178665 3175968
3178664 3175971
3178663 3175971
3178664 3175969
3178663 3175971
3178662 3175972
3178663 3175973
3178663 3175975
3178662 3175973
3178662 3175975
3178661 3175976
# burst 40
3178664 3175977
3179576 3176751
3179575 3176751
3179576 3176753
3179577 3176752
3179578 3176753
3179580 3176754
3179583 3176756
3179584 3176755
3179587 3176755
3179588 3176755
3179588 3176756
3179591 3176756
3179591 3176757
3179595 3176755
3179595 3176757
3179596 3176757
3179597 3176758
3179597 3176757
3179598 3176758
3179600 3176759
3179602 3176760
3179604 3176759
3179606 3176761
3179606 3176761
3179607 3176763
3179607 3176764
3179609 3176764
3179611 3176766
3179611 3176767
3179611 3176767
3179614 3176768
3179614 3176769
3179615 3176769
3179616 3176770
3179618 3176772
3179617 3176773
3179618 3176773
3179620 3176773
3179621 3176773
# burst 40
3179622 3176773
3179621 3176774
3179623 3176773
3179624 3176776
3179627 3176776
3179627 3176777
3179628 3176778
3179630 3176778
3179632 3176779
3179634 3176779
3179637 3176781
3179640 3176780
3179641 3176782
3179643 3176782
3179645 3176785
3179646 3176783
3179646 3176785
3179643 3176782
3179638 3176778
3179630 3176775
3179618 3176771
3179606 3176767
3179593 3176762
3179580 3176757
3179569 3176756
3179559 3176749
3179551 3176744
3179543 3176741
3179535 3176739
3179532 3176738
3179528 3176734
3179525 3176735
3179523 3176733
3179519 3176731
3179519 3176730
3179519 3176731
3179519 3176729
3179518 3176729
3179517 3176726
3179517 3176724
# burst 20
3179517 3176726
3179518 3176725
3179518 3176725
3179521 3176723
3179522 3176724
3179522 3176723
3179522 3176723
3179523 3176723
3179524 3176723
3179523 3176723
3179522 3176722
3179523 3176723
3179523 3176720
3179521 3176721
3179518 3176719
3179516 3176717
3179515 3176717
3179513 3176714
3179511 3176714
3179510 3176712
# burst 40
3179511 3176713
3180477 3177527
3180476 3177526
3180474 3177525
3180474 3177525
3180475 3177524
3180473 3177524
3180474 3177523
3180474 3177523
3180475 3177522
3180476 3177522
3180476 3177522
3180477 3177523
3180478 3177521
3180479 3177522
3180481 3177521
3180482 3177523
3180484 3177522
3180486 3177523
3180485 3177522
3180489 3177521
3180491 3177523
3180492 3177523
3180493 3177524
3180494 3177524
3180497 3177525
3180498 3177525
3180501 3177525
3180502 3177525
3180503 3177524
3180505 3177526
3180507 3177526
3180509 3177526
3180511 3177527
3180514 3177527
3180514 3177527
3180516 3177527
3180518 3177529
3180521 3177529
3180521 3177529
# burst 40
3180525 3177530
3180526 3177531
3180527 3177531
3180531 3177531
3180531 3177534
3180534 3177535
3180536 3177535
3180540 3177534
3180541 3177536
3180543 3177536
3180545 3177537
3180547 3177538
3180548 3177539
3180550 3177539
3180553 3177541
3180556 3177541
3180558 3177542
3180559 3177543
3180560 3177542
3180563 3177545
3180566 3177544
3180568 3177546
3180571 3177547
3180572 3177549
3180574 3177549
3180576 3177550
3180579 3177553
3180581 3177553
3180584 3177552
3180583 3177553
3180577 3177551
3180570 3177546
3180555 3177544
3180541 3177539
3180525 3177532
3180509 3177526
3180495 3177523
3180482 3177517
3180470 3177512
3180458 3177509
# burst 20
3180451 3177506
3180443 3177503
3180438 3177498
3180434 3177498
3180428 3177495
3180426 3177495
3180421 3177493
3180418 3177491
3180414 3177490
3180412 3177489
3180411 3177486
3180410 3177485
3180407 3177484
3180405 3177483
3180402 3177481
3180402 3177481
3180402 3177480
3180401 3177481
3180402 3177479
3180403 3177480
# burst 40
3180404 3177479
3181244 3178183
3181246 3178186
3181246 3178185
3181244 3178185
3181245 3178183
3181242 3178184
3181240 3178182
3181241 3178181
3181241 3178180
3181238 3178179
3181235 3178179
3181235 3178178
3181234 3178177
3181233 3178178
3181234 3178176
3181231 3178176
3181233 3178177
3181233 3178176
3181232 3178176
3181234 3178176
3181234 3178177
3181236 3178178
3181237 3178177
3181237 3178178
3181239 3178177
3181241 3178179
3181243 3178180
3181244 3178180
3181248 3178182
3181248 3178181
3181251 3178182
3181252 3178184
3181255 3178183
3181257 3178186
3181259 3178186
3181260 3178187
3181262 3178188
3181265 3178187
3181268 3178190
# burst 40
3181271 3178192
3181273 3178192
3181276 3178193
3181278 3178195
3181280 3178195
3181283 3178196
3181285 3178198
3181287 3178199
3181289 3178200
3181291 3178201
3181293 3178201
3181294 3178203
3181296 3178202
3181296 3178206
3181298 3178206
3181300 3178207
3181301 3178208
3181303 3178208
3181305 3178211
3181304 3178210
3181308 3178212
3181310 3178214
3181311 3178216
3181315 3178218
3181315 3178221
3181317 3178221
3181321 3178224
3181323 3178227
3181324 3178228
3181326 3178231
3181328 3178232
3181333 3178232
3181336 3178234
3181339 3178235
3181344 3178236
3181349 3178238
3181354 3178240
3181359 3178244
3181365 3178244
3181373 3178249
# burst 20
3181381 3178251
3181389 3178253
3181395 3178254
3181402 3178258
3181409 3178260
3181416 3178263
3181424 3178267
3181428 3178267
3181432 3178270
3181440 3178273
3181446 3178276
3181450 3178278
3181456 3178280
3181459 3178283
3181460 3178285
3181456 3178282
3181450 3178282
3181436 3178278
3181420 3178274
3181401 3178268
# burst 40
3181385 3178265
3182343 3179078
3182331 3179077
3182319 3179076
3182309 3179073
3182299 3179072
3182292 3179073
3182288 3179071
3182284 3179071
3182279 3179072
3182278 3179072
3182274 3179071
3182272 3179069
3182273 3179069
3182268 3179069
3182265 3179068
3182264 3179068
3182265 3179069
3182265 3179068
3182263 3179068
3182264 3179067
3182262 3179068
3182263 3179067
3182263 3179067
3182265 3179069
3182264 3179066
3182264 3179066
3182263 3179066
3182263 3179065
3182264 3179066
3182263 3179065
3182262 3179065
3182261 3179063
3182260 3179063
3182259 3179063
3182259 3179062
3182259 3179063
3182257 3179062
3182256 3179061
3182258 3179063
# burst 40
3182257 3179060
3182258 3179062
3182259 3179064
3182261 3179063
3182262 3179065
3182263 3179065
3182265 3179065
3182268 3179066
3182267 3179068
3182270 3179068
3182272 3179068
3182273 3179069
3182277 3179071
3182277 3179070
3182280 3179073
3182283 3179074
3182285 3179076
3182286 3179075
3182291 3179076
3182293 3179077
3182293 3179077
3182296 3179079
3182299 3179078
3182302 3179079
3182305 3179081
3182308 3179082
3182310 3179084
3182312 3179084
3182315 3179085
3182316 3179086
3182317 3179087
3182320 3179087
3182322 3179089
3182323 3179089
3182326 3179090
3182326 3179092
3182327 3179092
3182328 3179093
3182331 3179094
3182331 3179097
# burst 20
3182331 3179096
3182332 3179098
3182334 3179099
3182336 3179100
3182337 3179102
3182337 3179099
3182339 3179101
3182339 3179101
3182340 3179101
3182341 3179102
3182344 3179101
3182344 3179100
3182346 3179100
3182347 3179102
3182350 3179101
3182351 3179103
3182353 3179103
3182354 3179100
3182356 3179102
3182361 3179103
# burst 40
3182362 3179104
3183283 3179877
3183284 3179878
3183286 3179878
3183290 3179879
3183291 3179881
3183293 3179882
3183294 3179883
3183291 3179882
3183287 3179880
3183277 3179876
3183264 3179873
3183250 3179868
3183237 3179866
3183222 3179860
3183212 3179857
3183199 3179853
3183191 3179850
3183182 3179846
3183176 3179845
3183171 3179843
3183168 3179843
3183167 3179841
3183162 3179841
3183164 3179842
3183161 3179840
3183160 3179839
3183158 3179837
3183159 3179836
3183158 3179837
3183158 3179837
3183158 3179837
3183158 3179837
3183161 3179836
3183163 3179837
3183164 3179837
3183166 3179836
3183168 3179837
3183170 3179837
3183172 3179837
# burst 40
3183171 3179836
3183172 3179836
3183173 3179835
3183172 3179836
3183171 3179835
3183171 3179835
3183169 3179834
3183170 3179834
3183167 3179833
3183168 3179834
3183169 3179832
3183169 3179832
3183167 3179833
3183171 3179833
3183172 3179833
3183175 3179834
3183177 3179836
3183179 3179835
3183181 3179837
3183184 3179838
3183185 3179838
3183186 3179838
3183190 3179839
3183193 3179841
3183194 3179842
3183197 3179843
3183200 3179844
3183204 3179845
3183206 3179848
3183209 3179849
3183211 3179851
3183214 3179852
3183216 3179854
3183217 3179854
3183219 3179856
3183221 3179856
3183222 3179860
3183224 3179858
3183227 3179861
3183229 3179861
# burst 20
3183231 3179862
3183234 3179863
3183236 3179863
3183235 3179862
3183237 3179863
3183239 3179863
3183242 3179864
3183243 3179863
3183244 3179863
3183246 3179862
3183248 3179862
3183248 3179863
3183251 3179862
3183252 3179862
3183253 3179861
3183256 3179861
3183257 3179861
3183258 3179862
3183259 3179861
3183261 3179863
# burst 40
3183264 3179861
3184239 3180675
3184240 3180676
3184240 3180676
3184244 3180676
3184242 3180677
3184244 3180677
3184245 3180677
3184245 3180676
3184246 3180680
3184247 3180678
3184249 3180678
3184249 3180679
3184251 3180680
3184254 3180681
3184255 3180682
3184257 3180683
3184255 3180684
3184253 3180682
3184246 3180680
3184235 3180674
3184222 3180671
3184204 3180665
3184188 3180661
3184170 3180654
3184154 3180649
3184142 3180644
3184127 3180640
3184118 3180636
3184109 3180631
3184100 3180628
3184094 3180624
3184092 3180622
3184085 3180618
3184082 3180615
3184078 3180612
3184075 3180610
3184070 3180606
3184068 3180603
3184066 3180602
# burst 40
3184062 3180598
3184060 3180595
3184059 3180592
3184058 3180590
3184056 3180591
3184056 3180589
3184057 3180588
3184056 3180587
3184058 3180588
3184055 3180587
3184054 3180587
3184056 3180589
3184052 3180585
3184047 3180587
3184046 3180586
3184041 3180585
3184039 3180586
3184034 3180585
3184031 3180584
3184029 3180583
3184026 3180584
3184024 3180583
3184023 3180581
3184020 3180578
3184020 3180576
3184018 3180573
3184017 3180570
3184016 3180568
3184017 3180567
3184018 3180565
3184018 3180562
3184019 3180558
3184018 3180556
3184017 3180553
3184021 3180552
3184023 3180550
3184026 3180550
3184027 3180547
3184030 3180546
3184029 3180544
# burst 20
3184029 3180542
3184029 3180540
3184033 3180541
3184034 3180542
3184036 3180540
3184038 3180541
3184038 3180543
3184040 3180543
3184044 3180542
3184044 3180543
3184046 3180542
3184049 3180544
3184051 3180545
3184053 3180547
3184056 3180547
3184059 3180548
3184060 3180550
3184063 3180550
3184064 3180552
3184066 3180552
# burst 40
3184068 3180553
3184944 3181252
3184945 3181249
3184945 3181249
3184945 3181248
3184946 3181247
3184949 3181248
3184952 3181246
3184953 3181246
3184956 3181246
3184959 3181246
3184960 3181244
3184960 3181242
3184963 3181244
3184966 3181244
3184969 3181245
3184971 3181246
3184975 3181250
3184978 3181249
3184982 3181252
3184985 3181253
3184988 3181254
3184993 3181255
3184997 3181257
3185002 3181260
3185004 3181261
3185008 3181261
3185014 3181264
3185017 3181269
3185022 3181270
3185025 3181272
3185032 3181275
3185037 3181278
3185043 3181279
3185047 3181282
3185054 3181287
3185063 3181288
3185070 3181293
3185077 3181297
3185085 3181302
# burst 40
3185092 3181306
3185098 3181309
3185102 3181311
3185101 3181314
3185105 3181318
3185102 3181320
3185094 3181318
3185079 3181315
3185065 3181313
3185052 3181311
3185042 3181310
3185034 3181307
3185027 3181308
3185022 3181311
3185019 3181311
3185017 3181314
3185015 3181315
3185018 3181319
3185018 3181321
3185021 3181325
3185021 3181327
3185024 3181331
3185029 3181336
3185031 3181339
3185034 3181342
3185038 3181347
3185044 3181353
3185049 3181359
3185056 3181365
3185064 3181373
3185073 3181379
3185085 3181387
3185093 3181395
3185102 3181402
3185114 3181409
3185125 3181417
3185136 3181425
3185144 3181431
3185154 3181438
3185164 3181446
# burst 20
3185174 3181455
3185184 3181463
3185194 3181471
3185207 3181480
3185219 3181492
3185235 3181501
3185250 3181514
3185268 3181524
3185284 3181536
3185304 3181550
3185323 3181563
3185343 3181576
3185363 3181589
3185383 3181601
3185402 3181613
3185420 3181625
3185438 3181636
3185455 3181645
3185469 3181654
3185482 3181660
# burst 40
3185492 3181669
3186495 3182507
3186506 3182510
3186512 3182515
3186518 3182519
3186524 3182522
3186528 3182526
3186535 3182528
3186540 3182532
3186546 3182534
3186553 3182539
3186554 3182542
3186560 3182545
3186563 3182548
3186564 3182552
3186571 3182554
3186574 3182557
3186578 3182561
3186581 3182564
3186586 3182570
3186590 3182571
3186591 3182571
3186592 3182574
3186593 3182576
3186594 3182576
3186593 3182578
3186594 3182580
3186593 3182580
3186590 3182579
3186587 3182579
3186586 3182580
3186583 3182579
3186583 3182576
3186579 3182575
3186575 3182572
3186571 3182570
3186569 3182568
3186568 3182567
3186569 3182567
3186570 3182563
# burst 40
3186573 3182564
3186578 3182564
3186582 3182567
3186587 3182568
3186592 3182571
3186596 3182573
3186599 3182577
3186602 3182583
3186606 3182584
3186610 3182590
3186615 3182594
3186618 3182599
3186620 3182602
3186624 3182606
3186627 3182609
3186627 3182613
3186628 3182614
3186629 3182615
3186627 3182616
3186626 3182618
3186625 3182617
3186621 3182615
3186616 3182616
3186611 3182612
3186604 3182607
3186596 3182604
3186589 3182598
3186582 3182594
3186577 3182592
3186574 3182589
3186573 3182589
3186570 3182589
3186571 3182589
3186569 3182590
3186570 3182591
3186570 3182593
3186570 3182595
3186571 3182596
3186570 3182595
3186571 3182595
# burst 20
3186572 3182594
3186573 3182594
3186572 3182594
3186573 3182592
3186574 3182590
3186575 3182589
3186576 3182588
3186576 3182586
3186576 3182586
3186575 3182584
3186575 3182581
3186576 3182579
3186575 3182577
3186578 3182578
3186575 3182575
3186574 3182573
3186577 3182573
3186577 3182571
3186579 3182571
3186578 3182571
# burst 40
3186580 3182571
3187510 3183350
3187510 3183350
3187510 3183350
3187510 3183350
3187512 3183351
3187512 3183351
3187515 3183350
3187514 3183351
3187513 3183352
3187515 3183353
3187514 3183352
3187517 3183353
3187519 3183355
3187520 3183355
3187521 3183352
3187522 3183353
3187521 3183353
3187522 3183353
3187522 3183352
3187522 3183350
3187523 3183349
3187524 3183349
3187523 3183347
3187525 3183347
3187524 3183346
3187525 3183347
3187525 3183345
3187527 3183345
3187526 3183347
3187526 3183346
3187526 3183345
3187526 3183345
3187526 3183346
3187525 3183346
3187528 3183347
3187526 3183346
3187529 3183347
3187529 3183349
3187531 3183348
# burst 40
3187531 3183348
3187532 3183350
3187532 3183349
3187533 3183349
3187534 3183349
3187534 3183349
3187534 3183346
3187535 3183347
3187535 3183347
3187536 3183348
3187537 3183348
3187538 3183346
3187537 3183347
3187541 3183348
3187540 3183349
3187539 3183348
3187535 3183345
3187530 3183343
3187518 3183337
3187500 3183328
3187478 3183316
3187456 3183306
3187434 3183294
3187415 3183285
3187396 3183278
3187380 3183270
3187369 3183266
3187360 3183263
3187350 3183258
3187344 3183256
3187337 3183253
3187333 3183249
3187328 3183248
3187323 3183246
3187320 3183245
3187318 3183244
3187317 3183243
3187316 3183243
3187316 3183242
3187315 3183243
# burst 20
3187316 3183241
3187318 3183243
3187321 3183244
3187325 3183245
3187328 3183244
3187333 3183246
3187337 3183247
3187340 3183250
3187343 3183252
3187345 3183254
3187349 3183255
3187352 3183258
3187355 3183260
3187358 3183262
3187362 3183263
3187364 3183265
3187366 3183266
3187368 3183270
3187370 3183270
3187372 3183273
# burst 40
3187376 3183273
3188365 3184099
3188367 3184099
3188370 3184099
3188370 3184100
3188371 3184100
3188373 3184100
3188375 3184101
3188378 3184101
3188381 3184103
3188384 3184102
3188389 3184106
3188393 3184104
3188396 3184108
3188400 3184109
3188405 3184109
3188409 3184111
3188413 3184111
3188418 3184114
3188420 3184115
3188425 3184116
3188431 3184121
3188435 3184122
3188440 3184123
3188444 3184125
3188450 3184127
3188453 3184128
3188460 3184130
3188461 3184131
3188467 3184135
3188470 3184135
3188473 3184136
3188477 3184139
3188480 3184140
3188484 3184142
3188486 3184142
3188490 3184142
3188494 3184144
3188496 3184146
3188499 3184145
# burst 40
3188501 3184147
3188506 3184148
3188506 3184149
3188509 3184149
3188512 3184152
3188516 3184153
3188517 3184153
3188518 3184152
3188522 3184154
3188521 3184155
3188526 3184156
3188526 3184156
3188529 3184155
3188530 3184156
3188531 3184156
3188533 3184155
3188534 3184156
3188535 3184156
3188538 3184159
3188540 3184157
3188542 3184158
3188543 3184160
3188544 3184163
3188547 3184163
3188549 3184164
3188552 3184165
3188553 3184165
3188555 3184166
3188557 3184166
3188559 3184168
3188562 3184171
3188563 3184173
3188561 3184173
3188559 3184172
3188555 3184171
3188549 3184168
3188539 3184164
3188523 3184157
3188505 3184150
3188485 3184139
# burst 20
3188463 3184132
3188442 3184125
3188426 3184121
3188412 3184115
3188401 3184110
3188393 3184108
3188384 3184105
3188376 3184103
3188373 3184101
3188366 3184098
3188363 3184098
3188361 3184099
3188358 3184097
3188354 3184098
3188355 3184097
3188354 3184096
3188353 3184096
3188354 3184096
3188354 3184097
3188357 3184096
# burst 40
3188360 3184099
3188363 3184098
3188366 3184099
3188369 3184101
3188373 3184102
3188375 3184104
3188376 3184104
3188378 3184104
3188379 3184104
3188378 3184104
3188378 3184102
3188379 3184103
3188378 3184104
3188380 3184103
3188380 3184102
3188379 3184104
3188380 3184101
3188379 3184102
3188381 3184104
3188381 3184103
3188383 3184102
3188385 3184104
3188385 3184105
3188389 3184104
3188389 3184104
3188392 3184103
3188394 3184104
3188397 3184104
3188401 3184106
3188404 3184110
3188408 3184109
3188411 3184111
3188416 3184113
3188418 3184114
3188423 3184115
3188428 3184116
3188433 3184117
3188437 3184119
3188439 3184120
3188444 3184122
# burst 40
3188448 3184123
3188451 3184125
3188455 3184126
3188460 3184128
3188464 3184131
3188467 3184130
3188472 3184132
3188476 3184133
3188477 3184134
3188483 3184135
3188484 3184137
3188489 3184137
3188491 3184137
3188496 3184140
3188499 3184143
3188500 3184143
3188505 3184144
3188508 3184145
3188510 3184146
3188512 3184146
3188515 3184146
3188519 3184147
3188520 3184149
3188525 3184148
3188525 3184150
3188528 3184152
3188533 3184153
3188533 3184153
3188536 3184152
3188539 3184156
3188543 3184156
3188545 3184157
3188548 3184158
3188549 3184159
3188551 3184160
3188553 3184159
3188557 3184160
3188560 3184160
3188562 3184163
3188564 3184163
# burst 20
3188567 3184165
3188569 3184166
3188569 3184167
3188571 3184168
3188571 3184168
3188569 3184169
3188566 3184166
3188558 3184164
3188543 3184158
3188527 3184151
3188508 3184141
3188489 3184133
3188470 3184126
3188454 3184119
3188440 3184115
3188427 3184110
3188418 3184107
3188411 3184105
3188407 3184103
3188401 3184102
# burst 40
3188400 3184100
3188400 3184100
3188396 3184099
3188398 3184099
3188395 3184101
3188396 3184100
3188396 3184100
3188397 3184099
3188397 3184100
3188400 3184101
3188400 3184101
3188405 3184102
3188407 3184104
3188412 3184104
3188415 3184103
3188418 3184103
3188421 3184105
3188424 3184106
3188423 3184107
3188426 3184108
3188425 3184107
3188428 3184108
3188426 3184107
3188426 3184107
3188427 3184107
3188428 3184107
3188426 3184107
3188427 3184106
3188428 3184106
3188426 3184105
3188426 3184106
3188429 3184105
3188429 3184107
3188432 3184107
3188434 3184107
3188437 3184108
3188439 3184108
3188442 3184109
3188444 3184110
3188448 3184110
# burst 40
3188451 3184112
3188455 3184113
3188457 3184115
3188462 3184115
3188466 3184117
3188469 3184119
3188472 3184118
3188476 3184121
3188482 3184124
3188484 3184124
3188488 3184125
3188491 3184127
3188496 3184127
3188499 3184129
3188501 3184130
3188506 3184131
3188509 3184132
3188512 3184133
3188516 3184134
3188519 3184135
3188522 3184138
3188526 3184138
3188530 3184139
3188532 3184140
3188534 3184140
3188537 3184142
3188539 3184142
3188542 3184143
3188545 3184145
3188548 3184145
3188551 3184146
3188552 3184146
3188556 3184148
3188558 3184150
3188561 3184149
3188562 3184150
3188563 3184151
3188568 3184152
3188569 3184153
3188572 3184153
# burst 20
3188573 3184154
3188577 3184155
3188579 3184155
3188580 3184157
3188582 3184158
3188584 3184159
3188586 3184160
3188588 3184161
3188583 3184161
3188579 3184159
3188570 3184154
3188557 3184150
3188539 3184139
3188517 3184133
3188496 3184123
3188479 3184115
3188459 3184109
3188444 3184105
3188432 3184100
3188422 3184097
# burst 40
3188415 3184094
3188408 3184092
3188400 3184090
3188399 3184087
3188394 3184086
3188393 3184087
3188389 3184087
3188389 3184085
3188387 3184085
3188388 3184085
3188386 3184084
3188387 3184084
3188386 3184083
3188388 3184085
3188392 3184085
3188393 3184084
3188397 3184085
3188399 3184086
3188400 3184085
3188404 3184086
3188406 3184087
3188410 3184089
3188411 3184089
3188413 3184088
3188413 3184089
3188413 3184089
3188411 3184088
3188416 3184089
3188414 3184090
3188415 3184089
3188413 3184089
3188415 3184091
3188417 3184089
3188418 3184090
3188417 3184088
3188419 3184089
3188422 3184089
3188422 3184089
3188424 3184090
3188427 3184091
# burst 40
3188432 3184092
3188434 3184094
3188437 3184095
3188441 3184096
3188445 3184098
3188450 3184100
3188452 3184101
3188457 3184102
3188461 3184103
3188466 3184104
3188470 3184107
3188473 3184107
3188478 3184110
3188483 3184111
3188487 3184112
3188490 3184113
3188495 3184115
3188499 3184116
3188503 3184118
3188508 3184119
3188512 3184122
3188514 3184123
3188517 3184121
3188522 3184123
3188524 3184124
3188529 3184127
3188533 3184127
3188534 3184128
3188540 3184130
3188542 3184132
3188544 3184134
3188550 3184134
3188552 3184134
3188554 3184136
3188557 3184137
3188560 3184137
3188565 3184140
3188567 3184140
3188571 3184142
3188573 3184142
# burst 20
3188576 3184142
3188578 3184145
3188582 3184145
3188581 3184146
3188587 3184148
3188589 3184147
3188591 3184149
3188593 3184150
3188596 3184149
3188598 3184152
3188601 3184154
3188602 3184156
3188607 3184155
3188609 3184158
3188609 3184156
3188611 3184159
3188614 3184158
3188618 3184160
3188618 3184163
3188619 3184163
# burst 40
3188620 3184164
3188617 3184163
3188611 3184160
3188601 3184156
3188587 3184150
3188566 3184141
3188546 3184133
3188522 3184123
3188503 3184116
3188485 3184109
3188468 3184103
3188454 3184098
3188445 3184095
3188434 3184091
3188426 3184089
3188417 3184086
3188413 3184083
3188407 3184082
3188402 3184080
3188398 3184080
3188395 3184079
3188393 3184076
3188391 3184075
3188387 3184075
3188386 3184076
3188385 3184074
3188387 3184073
3188385 3184073
3188388 3184075
3188390 3184076
3188393 3184075
3188396 3184078
3188397 3184077
3188399 3184078
3188401 3184078
3188403 3184078
3188402 3184078
3188404 3184079
3188405 3184079
3188406 3184079
# burst 40
3188407 3184080
3188406 3184079
3188407 3184078
3188407 3184079
3188405 3184078
3188406 3184077
3188406 3184078
3188409 3184077
3188408 3184079
3188411 3184079
3188412 3184078
3188413 3184078
3188415 3184079
3188415 3184079
3188418 3184079
3188420 3184079
3188424 3184081
3188426 3184081
3188429 3184082
3188434 3184083
3188438 3184086
3188442 3184087
3188446 3184088
3188448 3184090
3188453 3184090
3188457 3184091
3188459 3184094
3188465 3184095
3188468 3184095
3188472 3184098
3188476 3184099
3188479 3184098
3188481 3184100
3188485 3184101
3188488 3184102
3188490 3184104
3188494 3184105
3188498 3184106
3188501 3184105
3188505 3184109
# burst 20
3188509 3184109
3188510 3184110
3188513 3184112
3188516 3184112
3188521 3184113
3188523 3184115
3188524 3184116
3188530 3184116
3188532 3184120
3188536 3184119
3188536 3184120
3188539 3184121
3188544 3184123
3188548 3184123
3188549 3184125
3188553 3184127
3188556 3184128
3188558 3184128
3188561 3184129
3188566 3184131
# burst 40
3188568 3184133
3188572 3184133
3188574 3184134
3188580 3184136
3188581 3184138
3188584 3184139
3188587 3184139
3188589 3184141
3188592 3184142
3188595 3184142
3188597 3184143
3188600 3184144
3188602 3184147
3188605 3184146
3188606 3184147
3188611 3184146
3188612 3184149
3188615 3184150
3188616 3184149
3188620 3184150
3188622 3184153
3188626 3184155
3188628 3184155
3188632 3184155
3188634 3184157
3188632 3184158
3188632 3184158
3188630 3184158
3188627 3184157
3188617 3184153
3188606 3184148
3188588 3184141
3188570 3184134
3188549 3184126
3188529 3184117
3188513 3184111
3188495 3184105
3188481 3184100
3188469 3184093
3188459 3184091
# burst 40
3188450 3184088
3188441 3184087
3188435 3184083
3188430 3184081
3188426 3184079
3188423 3184078
3188419 3184077
3188415 3184078
3188412 3184076
3188410 3184076
3188407 3184073
3188408 3184074
3188406 3184074
3188408 3184074
3188407 3184073
3188408 3184073
3188411 3184072
3188413 3184074
3188413 3184073
3188415 3184074
3188415 3184075
3188417 3184075
3188417 3184074
3188418 3184075
3188421 3184074
3188417 3184073
3188420 3184074
3188416 3184072
3188417 3184073
3188417 3184072
3188417 3184071
3188417 3184072
3188416 3184071
3188416 3184071
3188417 3184071
3188419 3184070
3188421 3184071
3188421 3184071
3188421 3184070
3188421 3184069
# burst 20
3188424 3184072
3188425 3184070
3188427 3184070
3188429 3184072
3188433 3184074
3188435 3184074
3188440 3184074
3188441 3184076
3188446 3184076
3188448 3184076
3188451 3184076
3188453 3184079
3188459 3184080
3188462 3184081
3188464 3184082
3188469 3184084
3188471 3184085
3188474 3184086
3188478 3184087
3188480 3184089
# burst 40
3188484 3184089
3188488 3184089
3188491 3184092
3188494 3184092
3188498 3184094
3188499 3184093
3188501 3184095
3188506 3184097
3188510 3184099
3188511 3184098
3188515 3184099
3188518 3184102
3188522 3184102
3188524 3184102
3188525 3184103
3188529 3184105
3188531 3184107
3188534 3184106
3188536 3184107
3188540 3184107
3188542 3184109
3188546 3184110
3188546 3184109
3188550 3184111
3188554 3184112
3188556 3184113
3188559 3184114
3188562 3184116
3188565 3184119
3188568 3184119
3188571 3184119
3188573 3184119
3188576 3184121
3188578 3184122
3188580 3184123
3188583 3184124
3188585 3184124
3188589 3184125
3188595 3184127
3188595 3184130
# burst 40
3188597 3184128
3188600 3184130
3188602 3184130
3188604 3184131
3188608 3184132
3188611 3184134
3188613 3184136
3188619 3184136
3188619 3184139
3188625 3184138
3188625 3184141
3188629 3184141
3188629 3184143
3188628 3184143
3188623 3184141
3188618 3184140
3188608 3184136
3188595 3184131
3188582 3184123
3188565 3184118
3188547 3184111
3188532 3184103
3188516 3184100
3188502 3184092
3188490 3184087
3188481 3184084
3188471 3184080
3188464 3184080
3188458 3184076
3188452 3184073
3188446 3184071
3188442 3184070
3188438 3184068
3188435 3184069
3188431 3184066
3188430 3184066
3188429 3184064
3188428 3184065
3188427 3184064
3188429 3184063
# burst 20
3188426 3184062
3188427 3184062
3188430 3184063
3188431 3184063
3188432 3184065
3188435 3184064
3188434 3184064
3188433 3184065
3188434 3184063
3188436 3184065
3188436 3184064
3188435 3184064
3188436 3184064
3188434 3184064
3188433 3184063
3188433 3184063
3188433 3184062
3188432 3184062
3188434 3184061
3188433 3184060
# burst 40
3188433 3184060
3188433 3184059
3188435 3184060
3188435 3184059
3188436 3184059
3188437 3184059
3188438 3184060
3188438 3184061
3188442 3184061
3188440 3184060
3188443 3184062
3188445 3184061
3188448 3184061
3188447 3184060
3188451 3184061
3188451 3184062
3188455 3184062
3188456 3184062
3188457 3184062
3188461 3184064
3188462 3184065
3188467 3184067
3188469 3184067
3188473 3184070
3188477 3184068
3188476 3184070
3188480 3184071
3188484 3184072
3188485 3184070
3188487 3184073
3188490 3184075
3188494 3184077
3188496 3184077
3188499 3184077
3188500 3184078
3188503 3184077
3188505 3184077
3188508 3184079
3188511 3184079
3188511 3184080
# burst 40
3188513 3184081
3188516 3184083
3188517 3184082
3188520 3184083
3188520 3184082
3188525 3184086
3188527 3184087
3188531 3184087
3188533 3184089
3188535 3184088
3188536 3184089
3188538 3184089
3188542 3184091
3188545 3184092
3188548 3184094
3188551 3184094
3188553 3184097
3188555 3184095
3188560 3184097
3188560 3184098
3188562 3184097
3188565 3184099
3188569 3184102
3188572 3184102
3188573 3184101
3188577 3184103
3188578 3184104
3188579 3184105
3188578 3184106
3188573 3184104
3188566 3184101
3188556 3184096
3188543 3184090
3188530 3184083
3188515 3184078
3188499 3184071
3188485 3184064
3188474 3184063
3188463 3184058
3188454 3184055
# burst 20
3188446 3184051
3188439 3184046
3188430 3184044
3188426 3184043
3188423 3184040
3188421 3184041
3188418 3184040
3188417 3184038
3188413 3184035
3188413 3184036
3188413 3184035
3188412 3184036
3188412 3184035
3188415 3184037
3188417 3184037
3188418 3184036
3188418 3184036
3188419 3184037
3188421 3184035
3188421 3184038
# burst 40
3188423 3184036
3188423 3184035
3188422 3184036
3188422 3184036
3188421 3184035
3188422 3184034
3188421 3184035
3188421 3184034
3188420 3184034
3188421 3184034
3188420 3184033
3188419 3184031
3188418 3184033
3188416 3184032
3188419 3184032
3188418 3184031
3188420 3184031
3188421 3184030
3188421 3184031
3188423 3184030
3188423 3184031
3188424 3184030
3188426 3184030
3188429 3184030
3188429 3184031
3188432 3184032
3188433 3184033
3188437 3184034
3188439 3184035
3188441 3184036
3188444 3184036
3188446 3184037
3188449 3184038
3188452 3184039
3188454 3184037
3188458 3184041
3188460 3184040
3188462 3184041
3188466 3184041
3188469 3184042
# burst 40
3188472 3184044
3188474 3184045
3188478 3184046
3188479 3184046
3188482 3184047
3188485 3184049
3188488 3184049
3188491 3184051
3188493 3184051
3188497 3184053
3188498 3184054
3188501 3184054
3188504 3184057
3188506 3184056
3188510 3184055
3188511 3184058
3188514 3184059
3188517 3184059
3188519 3184061
3188522 3184061
3188524 3184061
3188527 3184063
3188532 3184064
3188534 3184066
3188538 3184067
3188540 3184069
3188543 3184069
3188547 3184070
3188547 3184071
3188546 3184071
3188544 3184070
3188539 3184068
3188530 3184064
3188519 3184061
3188504 3184053
3188491 3184046
3188476 3184041
3188462 3184036
3188448 3184032
3188436 3184024
# burst 20
3188425 3184021
3188415 3184018
3188407 3184015
3188399 3184011
3188394 3184008
3188389 3184007
3188386 3184005
3188380 3184004
3188378 3184004
3188376 3184000
3188373 3184000
3188370 3183999
3188369 3183998
3188367 3183996
3188368 3183996
3188368 3183996
3188369 3183996
3188368 3183996
3188371 3183996
3188371 3183995
# burst 40
3188374 3183995
3188375 3183997
3188376 3183996
3188377 3183996
3188377 3183996
3188377 3183995
3188378 3183995
3188376 3183996
3188375 3183994
3188375 3183994
3188374 3183993
3188373 3183993
3188373 3183990
3188374 3183993
3188374 3183993
3188374 3183991
3188375 3183991
3188376 3183991
3188376 3183992
3188377 3183991
3188378 3183991
3188378 3183992
3188382 3183991
3188383 3183992
3188385 3183991
3188388 3183991
3188389 3183993
3188393 3183995
3188397 3183994
3188400 3183997
3188402 3183997
3188404 3183997
3188408 3183998
3188410 3183998
3188414 3184001
3188417 3184000
3188419 3184000
3188421 3184000
3188427 3184001
3188428 3184003
# burst 40
3188431 3184004
3188434 3184005
3188436 3184005
3188440 3184005
3188441 3184007
3188444 3184007
3188448 3184008
3188449 3184009
3188453 3184009
3188454 3184011
3188459 3184013
3188460 3184012
3188462 3184014
3188465 3184015
3188469 3184016
3188472 3184017
3188474 3184016
3188477 3184018
3188478 3184018
3188482 3184022
3188484 3184021
3188486 3184022
3188490 3184021
3188494 3184024
3188495 3184023
3188498 3184025
3188502 3184026
3188505 3184027
3188508 3184027
3188509 3184030
3188514 3184031
3188515 3184031
3188519 3184032
3188521 3184033
3188525 3184035
3188527 3184034
3188529 3184035
3188532 3184036
3188536 3184035
3188539 3184036
# burst 20
3188541 3184039
3188544 3184040
3188549 3184041
3188549 3184042
3188552 3184043
3188556 3184045
3188559 3184048
3188561 3184046
3188560 3184047
3188559 3184047
3188557 3184045
3188547 3184044
3188535 3184037
3188526 3184032
3188508 3184026
3188493 3184018
3188476 3184013
3188460 3184008
3188444 3184002
3188430 3183998
# burst 40
3188419 3183993
3188407 3183990
3188400 3183984
3188390 3183982
3188383 3183978
3188376 3183977
3188371 3183974
3188365 3183972
3188360 3183971
3188355 3183969
3188352 3183966
3188348 3183963
3188343 3183963
3188341 3183959
3188338 3183960
3188337 3183957
3188335 3183956
3188335 3183956
3188335 3183958
3188336 3183956
3188335 3183956
3188336 3183956
3188337 3183955
3188338 3183955
3188336 3183954
3188337 3183953
3188335 3183952
3188334 3183951
3188336 3183949
3188334 3183949
3188333 3183949
3188332 3183948
3188331 3183947
3188329 3183947
3188328 3183946
3188329 3183947
3188330 3183945
3188332 3183945
3188331 3183943
3188330 3183944
# burst 40
3188332 3183944
3188331 3183944
3188334 3183944
3188336 3183944
3188335 3183944
3188337 3183943
3188340 3183942
3188342 3183944
3188344 3183944
3188348 3183943
3188349 3183944
3188352 3183945
3188356 3183947
3188357 3183947
3188359 3183947
3188362 3183946
3188366 3183949
3188368 3183949
3188369 3183948
3188373 3183949
3188375 3183950
3188378 3183951
3188380 3183952
3188383 3183951
3188385 3183951
3188387 3183953
3188391 3183953
3188393 3183953
3188395 3183955
3188399 3183955
3188401 3183956
3188404 3183956
3188406 3183958
3188408 3183958
3188412 3183958
3188413 3183959
3188417 3183959
3188421 3183962
3188422 3183962
3188423 3183962
# burst 20
3188428 3183963
3188429 3183964
3188433 3183966
3188436 3183965
3188440 3183968
3188441 3183969
3188445 3183968
3188449 3183969
3188450 3183970
3188454 3183973
3188458 3183971
3188461 3183972
3188464 3183974
3188468 3183976
3188469 3183976
3188473 3183978
3188476 3183978
3188479 3183980
3188481 3183979
3188485 3183983
# burst 40
3188491 3183984
3188494 3183983
3188497 3183985
3188500 3183987
3188502 3183988
3188503 3183987
3188508 3183989
3188511 3183990
3188512 3183992
3188517 3183993
3188517 3183991
3188521 3183993
3188523 3183993
3188526 3183995
3188528 3183994
3188530 3183996
3188532 3183997
3188535 3183998
3188539 3183999
3188541 3183999
3188546 3184001
3188546 3184001
3188549 3184004
3188552 3184004
3188552 3184004
3188552 3184004
3188549 3184004
3188543 3184001
3188530 3183995
3188518 3183992
3188503 3183985
3188486 3183979
3188469 3183972
3188452 3183966
3188436 3183961
3188421 3183956
3188407 3183950
3188396 3183946
3188386 3183944
3188376 3183939
# burst 40
3188370 3183936
3188365 3183934
3188356 3183931
3188351 3183929
3188347 3183927
3188344 3183924
3188339 3183924
3188335 3183920
3188331 3183921
3188326 3183917
3188326 3183916
3188324 3183916
3188324 3183915
3188322 3183914
3188322 3183914
3188321 3183915
3188323 3183914
3188323 3183913
3188323 3183911
3188322 3183912
3188322 3183911
3188322 3183909
3188321 3183910
3188321 3183909
3188322 3183909
3188321 3183907
3188319 3183907
3188316 3183905
3188317 3183905
3188316 3183905
3188315 3183903
3188315 3183902
3188315 3183903
3188314 3183902
3188315 3183901
3188315 3183901
3188315 3183900
3188317 3183899
3188316 3183899
3188318 3183899
# burst 20
3188319 3183898
3188321 3183899
3188321 3183899
3188326 3183900
3188328 3183900
3188329 3183901
3188334 3183901
3188336 3183901
3188339 3183901
3188339 3183901
3188342 3183901
3188344 3183903
3188348 3183903
3188350 3183905
3188353 3183904
3188357 3183905
3188358 3183906
3188362 3183906
3188365 3183907
3188367 3183907
# burst 40
3188370 3183907
3188373 3183908
3188375 3183908
3188376 3183907
3188380 3183910
3188381 3183909
3188382 3183911
3188386 3183911
3188387 3183911
3188390 3183912
3188393 3183912
3188396 3183912
3188398 3183913
3188401 3183913
3188402 3183915
3188406 3183916
3188409 3183916
3188412 3183918
3188415 3183919
3188417 3183919
3188419 3183920
3188423 3183921
3188425 3183923
3188430 3183923
3188431 3183925
3188434 3183925
3188437 3183927
3188440 3183926
3188443 3183928
3188446 3183930
3188449 3183929
3188453 3183931
3188456 3183930
3188458 3183933
3188462 3183934
3188463 3183933
3188467 3183934
3188469 3183935
3188473 3183936
3188474 3183936
# burst 40
3188478 3183938
3188481 3183938
3188481 3183940
3188484 3183941
3188487 3183940
3188491 3183940
3188493 3183944
3188496 3183944
3188498 3183946
3188500 3183945
3188502 3183945
3188506 3183945
3188508 3183947
3188508 3183945
3188512 3183947
3188513 3183948
3188515 3183948
3188518 3183948
3188518 3183950
3188517 3183950
3188513 3183949
3188506 3183945
3188496 3183941
3188481 3183937
3188468 3183931
3188450 3183925
3188434 3183918
3188417 3183912
3188404 3183906
3188390 3183902
3188377 3183898
3188368 3183895
3188359 3183889
3188353 3183887
3188346 3183884
3188341 3183882
3188335 3183879
3188333 3183878
3188329 3183875
3188326 3183875
# burst 20
3188322 3183873
3188321 3183871
3188317 3183870
3188317 3183871
3188315 3183868
3188315 3183867
3188316 3183869
3188316 3183868
3188317 3183867
3188318 3183869
3188319 3183868
3188319 3183867
3188319 3183868
3188317 3183867
3188317 3183867
3188317 3183865
3188317 3183866
3188314 3183862
3188314 3183862
3188313 3183862
