# burst 40
3210579 3472738
3341657 3472618
3341660 3472619
3341659 3472618
3341659 3472618
3341659 3472618
3341660 3472617
3341659 3472617
3341659 3472616
3341660 3472616
3341659 3472617
3341659 3472617
3341659 3472617
3341659 3472618
3341658 3472616
3341660 3472617
3341659 3472616
3341658 3472615
3341659 3472616
3341659 3472618
3341659 3472616
3341659 3472616
3341659 3472616
3341658 3472616
3341658 3472616
3341658 3472616
3341659 3472617
3341658 3472616
3341658 3472615
3341658 3472616
3341659 3472615
3341658 3472615
3341658 3472616
3341658 3472616
3341658 3472616
3341658 3472616
3341657 3472617
3341658 3472616
3341659 3472614
3341658 3472615
# burst 40
3341658 3472616
3341659 3472616
3341657 3472615
3341658 3472617
3341658 3472616
3341657 3472616
3341658 3472615
3341659 3472616
3341658 3472617
3341658 3472617
3341658 3472616
3341657 3472616
3341658 3472615
3341659 3472615
3341658 3472617
3341659 3472615
3341659 3472616
3341659 3472615
3341657 3472617
3341658 3472615
3341657 3472616
3341658 3472615
3341658 3472615
3341658 3472615
3341658 3472616
3341658 3472615
3341658 3472615
3341658 3472616
3341658 3472616
3341658 3472615
3341659 3472615
3341658 3472615
3341658 3472615
3341657 3472615
3341658 3472616
3341658 3472615
3341658 3472617
3341658 3472615
3341658 3472615
3341657 3472615
# burst 20
3341658 3472615
3341659 3472617
3341658 3472616
3341657 3472616
3341658 3472615
3341657 3472616
3341658 3472615
3341659 3472615
3341658 3472615
3341658 3472614
3341658 3472616
3341658 3472615
3341658 3472615
3341657 3472615
3341658 3472615
3341658 3472615
3341658 3472613
3341657 3472615
3341658 3472615
3341658 3472615
# burst 40
3341656 3472615
3176103 3173454
3176105 3173456
3176110 3173455
3176114 3173456
3176115 3173457
3176119 3173457
3176122 3173456
3176123 3173458
3176128 3173459
3176128 3173459
3176131 3173459
3176133 3173459
3176136 3173460
3176138 3173461
3176141 3173461
3176142 3173461
3176144 3173462
3176145 3173461
3176148 3173463
3176151 3173463
3176153 3173465
3176155 3173463
3176158 3173464
3176159 3173466
3176163 3173466
3176163 3173466
3176166 3173467
3176168 3173469
3176170 3173468
3176170 3173469
3176173 3173467
3176173 3173468
3176175 3173469
3176175 3173470
3176180 3173470
3176182 3173472
3176185 3173471
3176187 3173474
3176188 3173472
# burst 40
3176190 3173473
3176192 3173476
3176193 3173475
3176195 3173475
3176198 3173476
3176199 3173476
3176202 3173476
3176204 3173477
3176205 3173477
3176207 3173478
3176209 3173479
3176210 3173480
3176212 3173480
3176214 3173480
3176215 3173481
3176218 3173480
3176220 3173483
3176220 3173483
3176223 3173482
3176225 3173484
3176226 3173484
3176228 3173485
3176230 3173485
3176233 3173486
3176234 3173486
3176237 3173488
3176236 3173488
3176238 3173488
3176238 3173489
3176237 3173487
3176232 3173486
3176223 3173483
3176212 3173478
3176202 3173474
3176189 3173469
3176181 3173465
3176170 3173463
3176162 3173459
3176153 3173457
3176147 3173453
# burst 20
3176142 3173451
3176135 3173449
3176130 3173448
3176127 3173445
3176124 3173445
3176121 3173442
3176119 3173441
3176116 3173442
3176116 3173438
3176113 3173438
3176113 3173437
3176111 3173437
3176111 3173435
3176110 3173434
3176111 3173436
3176111 3173434
3176111 3173434
3176112 3173434
3176112 3173434
3176113 3173434
# burst 40
3176113 3173434
3177081 3174240
3177081 3174240
3177081 3174240
3177078 3174239
3177079 3174238
3177079 3174238
3177078 3174238
3177078 3174238
3177077 3174237
3177078 3174237
3177076 3174236
3177076 3174236
3177076 3174236
3177076 3174236
3177078 3174236
3177079 3174235
3177079 3174235
3177081 3174235
3177081 3174236
3177083 3174236
3177084 3174235
3177085 3174235
3177087 3174236
3177089 3174236
3177090 3174238
3177092 3174237
3177094 3174238
3177096 3174238
3177096 3174238
3177099 3174238
3177103 3174239
3177104 3174240
3177104 3174240
3177107 3174240
3177107 3174241
3177110 3174242
3177112 3174242
3177115 3174242
3177116 3174243
# burst 40
3177117 3174243
3177118 3174244
3177119 3174242
3177120 3174244
3177123 3174243
3177123 3174245
3177126 3174246
3177127 3174245
3177129 3174246
3177131 3174246
3177133 3174247
3177135 3174250
3177137 3174249
3177138 3174248
3177139 3174250
3177140 3174249
3177142 3174250
3177146 3174251
3177146 3174252
3177149 3174252
3177151 3174250
3177153 3174253
3177154 3174254
3177156 3174255
3177159 3174256
3177160 3174256
3177162 3174257
3177163 3174257
3177167 3174258
3177168 3174258
3177170 3174259
3177172 3174261
3177175 3174262
3177177 3174262
3177179 3174263
3177181 3174263
3177182 3174263
3177185 3174267
3177188 3174265
3177190 3174266
# burst 20
3177192 3174268
3177195 3174270
3177195 3174270
3177199 3174270
3177199 3174270
3177201 3174271
3177203 3174274
3177203 3174272
3177202 3174273
3177196 3174272
3177191 3174269
3177182 3174266
3177174 3174262
3177162 3174258
3177152 3174255
3177141 3174251
3177134 3174248
3177124 3174246
3177118 3174242
3177111 3174241
# burst 40
3177104 3174237
3177963 3174946
3177960 3174946
3177959 3174945
3177956 3174944
3177952 3174941
3177951 3174940
3177950 3174939
3177947 3174937
3177946 3174939
3177944 3174937
3177942 3174936
3177944 3174936
3177944 3174935
3177945 3174936
3177946 3174934
3177945 3174934
3177946 3174934
3177946 3174934
3177947 3174935
3177947 3174933
3177946 3174933
3177946 3174933
3177945 3174932
3177943 3174932
3177943 3174933
3177942 3174931
3177943 3174931
3177941 3174930
3177941 3174931
3177942 3174930
3177941 3174930
3177941 3174931
3177941 3174929
3177943 3174928
3177943 3174930
3177943 3174930
3177946 3174930
3177945 3174929
3177945 3174930
# burst 40
3177948 3174930
3177948 3174931
3177950 3174931
3177953 3174930
3177954 3174931
3177956 3174932
3177958 3174932
3177959 3174932
3177963 3174933
3177964 3174934
3177965 3174934
3177967 3174934
3177971 3174935
3177973 3174936
3177976 3174937
3177977 3174938
3177979 3174938
3177979 3174938
3177980 3174938
3177985 3174940
3177984 3174939
3177987 3174940
3177989 3174940
3177991 3174943
3177992 3174941
3177995 3174942
3177997 3174943
3177998 3174944
3177999 3174944
3178001 3174945
3178002 3174945
3178004 3174947
3178007 3174948
3178008 3174948
3178010 3174949
3178011 3174949
3178014 3174949
3178015 3174950
3178016 3174952
3178018 3174952
# burst 20
3178019 3174951
3178023 3174953
3178023 3174954
3178026 3174955
3178029 3174955
3178031 3174955
3178033 3174956
3178036 3174956
3178037 3174960
3178039 3174960
3178041 3174960
3178045 3174960
3178047 3174962
3178049 3174962
3178051 3174963
3178053 3174965
3178054 3174967
3178056 3174967
3178055 3174967
3178052 3174965
# burst 40
3178048 3174964
3179025 3175778
3179015 3175774
3179006 3175771
3178994 3175769
3178984 3175764
3178975 3175762
3178967 3175759
3178957 3175755
3178951 3175752
3178944 3175749
3178938 3175749
3178935 3175746
3178930 3175744
3178928 3175742
3178924 3175741
3178922 3175741
3178921 3175738
3178920 3175738
3178918 3175738
3178918 3175737
3178917 3175738
3178917 3175735
3178917 3175736
3178917 3175736
3178919 3175735
3178919 3175737
3178920 3175735
3178920 3175736
3178921 3175736
3178919 3175734
3178920 3175736
3178921 3175735
3178919 3175735
3178919 3175736
3178917 3175733
3178918 3175735
3178918 3175734
3178917 3175734
3178917 3175733
# burst 40
3178916 3175731
3178916 3175732
3178916 3175732
3178917 3175734
3178917 3175733
3178918 3175732
3178919 3175733
3178918 3175733
3178920 3175734
3178922 3175732
3178923 3175732
3178925 3175733
3178926 3175733
3178928 3175732
3178929 3175734
3178932 3175736
3178932 3175735
3178935 3175735
3178937 3175736
3178940 3175736
3178942 3175736
3178943 3175737
3178945 3175737
3178946 3175737
3178947 3175740
3178952 3175740
3178951 3175740
3178953 3175742
3178954 3175740
3178957 3175741
3178959 3175742
3178960 3175741
3178962 3175744
3178964 3175744
3178964 3175744
3178967 3175744
3178966 3175745
3178967 3175744
3178968 3175745
3178970 3175743
# burst 20
3178970 3175746
3178972 3175745
3178974 3175748
3178976 3175746
3178975 3175746
3178978 3175747
3178982 3175750
3178981 3175750
3178984 3175751
3178986 3175750
3178987 3175751
3178991 3175751
3178992 3175753
3178994 3175755
3178996 3175756
3178999 3175756
3179001 3175757
3179003 3175758
3179006 3175758
3179008 3175759
# burst 40
3179013 3175762
3179933 3176529
3179936 3176530
3179936 3176531
3179939 3176531
3179939 3176531
3179936 3176531
3179932 3176528
3179925 3176528
3179918 3176525
3179906 3176521
3179895 3176517
3179883 3176513
3179873 3176510
3179863 3176506
3179855 3176503
3179845 3176501
3179839 3176496
3179833 3176497
3179829 3176492
3179823 3176491
3179819 3176488
3179814 3176486
3179811 3176485
3179808 3176482
3179807 3176483
3179805 3176480
3179804 3176479
3179802 3176479
3179803 3176478
3179804 3176478
3179805 3176479
3179807 3176477
3179807 3176481
3179809 3176481
3179809 3176480
3179810 3176480
3179813 3176481
3179813 3176481
3179814 3176482
# burst 40
3179813 3176482
3179813 3176482
3179812 3176482
3179812 3176481
3179812 3176483
3179814 3176484
3179813 3176482
3179814 3176483
3179814 3176483
3179814 3176483
3179815 3176482
3179817 3176484
3179818 3176483
3179817 3176485
3179820 3176484
3179820 3176486
3179822 3176485
3179823 3176485
3179824 3176485
3179826 3176486
3179828 3176487
3179829 3176486
3179831 3176485
3179832 3176487
3179835 3176487
3179836 3176487
3179837 3176487
3179840 3176489
3179840 3176488
3179843 3176488
3179845 3176489
3179847 3176491
3179848 3176490
3179850 3176491
3179852 3176492
3179853 3176492
3179854 3176492
3179856 3176493
3179858 3176494
3179859 3176495
# burst 20
3179860 3176494
3179862 3176495
3179862 3176495
3179865 3176496
3179866 3176498
3179869 3176498
3179871 3176499
3179872 3176500
3179875 3176499
3179875 3176500
3179877 3176501
3179880 3176502
3179881 3176502
3179881 3176503
3179884 3176501
3179885 3176503
3179885 3176503
3179887 3176503
3179887 3176504
3179885 3176503
# burst 40
3179881 3176502
3180853 3177308
3180845 3177304
3180835 3177301
3180823 3177297
3180814 3177293
3180803 3177289
3180792 3177287
3180784 3177283
3180777 3177280
3180771 3177276
3180763 3177274
3180758 3177274
3180754 3177270
3180750 3177271
3180747 3177267
3180743 3177265
3180740 3177264
3180738 3177262
3180738 3177262
3180736 3177261
3180732 3177259
3180733 3177258
3180732 3177257
3180733 3177257
3180733 3177255
3180733 3177254
3180734 3177254
3180735 3177254
3180735 3177253
3180734 3177252
3180736 3177253
3180734 3177252
3180733 3177253
3180735 3177251
3180734 3177252
3180733 3177251
3180734 3177249
3180731 3177250
3180732 3177250
# burst 40
3180732 3177249
3180732 3177250
3180731 3177248
3180731 3177248
3180731 3177248
3180732 3177247
3180733 3177248
3180732 3177248
3180736 3177248
3180736 3177247
3180737 3177248
3180740 3177249
3180741 3177246
3180742 3177246
3180745 3177248
3180746 3177249
3180747 3177249
3180751 3177249
3180752 3177249
3180755 3177250
3180758 3177249
3180759 3177249
3180760 3177249
3180762 3177249
3180763 3177249
3180764 3177247
3180767 3177248
3180766 3177248
3180769 3177248
3180771 3177247
3180770 3177247
3180771 3177249
3180773 3177247
3180775 3177250
3180778 3177251
3180779 3177250
3180780 3177253
3180783 3177252
3180786 3177253
3180789 3177253
# burst 20
3180789 3177254
3180792 3177256
3180795 3177255
3180795 3177256
3180796 3177255
3180800 3177257
3180802 3177257
3180804 3177259
3180806 3177258
3180809 3177259
3180811 3177260
3180814 3177262
3180817 3177263
3180820 3177264
3180824 3177267
3180826 3177267
3180827 3177268
3180831 3177269
3180834 3177270
3180837 3177272
# burst 40
3180842 3177274
3181696 3177978
3181698 3177978
3181702 3177981
3181704 3177981
3181706 3177981
3181710 3177983
3181710 3177983
3181714 3177986
3181715 3177988
3181718 3177988
3181716 3177990
3181714 3177990
3181707 3177989
3181699 3177985
3181688 3177982
3181674 3177978
3181661 3177974
3181649 3177970
3181636 3177966
3181628 3177963
3181618 3177958
3181611 3177957
3181604 3177955
3181601 3177955
3181594 3177952
3181591 3177951
3181590 3177952
3181588 3177952
3181588 3177952
3181587 3177953
3181587 3177953
3181588 3177955
3181589 3177957
3181588 3177957
3181592 3177957
3181595 3177959
3181597 3177962
3181599 3177963
3181601 3177966
# burst 40
3181606 3177969
3181607 3177969
3181609 3177974
3181613 3177975
3181616 3177978
3181617 3177981
3181620 3177982
3181622 3177985
3181624 3177988
3181626 3177989
3181629 3177990
3181631 3177993
3181632 3177997
3181634 3177998
3181634 3177999
3181636 3178000
3181639 3178003
3181642 3178005
3181645 3178007
3181650 3178009
3181651 3178012
3181654 3178013
3181658 3178017
3181662 3178018
3181666 3178021
3181670 3178025
3181673 3178025
3181677 3178029
3181683 3178030
3181686 3178033
3181688 3178035
3181692 3178038
3181695 3178039
3181700 3178041
3181703 3178044
3181708 3178047
3181712 3178049
3181715 3178050
3181718 3178052
3181720 3178054
# burst 20
3181724 3178057
3181729 3178057
3181731 3178060
3181734 3178062
3181737 3178064
3181740 3178066
3181742 3178069
3181746 3178068
3181750 3178070
3181751 3178071
3181753 3178073
3181758 3178075
3181761 3178075
3181763 3178077
3181766 3178079
3181770 3178080
3181771 3178081
3181777 3178083
3181780 3178085
3181782 3178086
# burst 40
3181785 3178086
3182775 3178906
3182779 3178905
3182782 3178906
3182783 3178909
3182786 3178909
3182789 3178914
3182792 3178914
3182795 3178915
3182798 3178917
3182800 3178919
3182802 3178921
3182807 3178923
3182811 3178925
3182816 3178927
3182818 3178928
3182821 3178932
3182826 3178934
3182829 3178937
3182831 3178939
3182836 3178942
3182839 3178943
3182841 3178945
3182840 3178947
3182837 3178948
3182830 3178946
3182821 3178943
3182810 3178939
3182796 3178935
3182782 3178929
3182771 3178929
3182759 3178923
3182749 3178921
3182743 3178918
3182737 3178918
3182734 3178917
3182732 3178918
3182730 3178917
3182729 3178917
3182728 3178917
# burst 40
3182728 3178918
3182729 3178918
3182728 3178919
3182730 3178920
3182733 3178923
3182736 3178925
3182741 3178928
3182743 3178930
3182749 3178933
3182752 3178935
3182757 3178936
3182760 3178938
3182764 3178941
3182768 3178943
3182771 3178945
3182774 3178948
3182778 3178950
3182782 3178954
3182784 3178954
3182788 3178959
3182792 3178961
3182797 3178966
3182804 3178971
3182808 3178975
3182816 3178980
3182825 3178989
3182837 3178995
3182845 3179004
3182857 3179011
3182870 3179019
3182882 3179027
3182892 3179034
3182903 3179042
3182916 3179050
3182925 3179057
3182935 3179064
3182947 3179073
3182958 3179078
3182968 3179086
3182975 3179093
# burst 20
3182983 3179100
3182989 3179105
3182996 3179110
3183001 3179114
3183004 3179118
3183011 3179123
3183014 3179127
3183019 3179132
3183025 3179137
3183027 3179142
3183032 3179145
3183036 3179151
3183039 3179153
3183042 3179156
3183044 3179161
3183049 3179165
3183053 3179169
3183054 3179171
3183057 3179174
3183060 3179178
# burst 40
3183062 3179181
3184001 3179959
3184001 3179961
3184003 3179965
3184004 3179965
3184005 3179971
3184007 3179972
3184008 3179974
3184012 3179978
3184012 3179980
3184015 3179982
3184016 3179983
3184016 3179986
3184017 3179987
3184020 3179990
3184022 3179991
3184023 3179994
3184025 3179997
3184026 3179996
3184030 3180000
3184032 3180003
3184032 3180004
3184033 3180007
3184036 3180007
3184038 3180010
3184039 3180012
3184038 3180014
3184040 3180017
3184042 3180019
3184041 3180020
3184042 3180021
3184042 3180022
3184040 3180022
3184037 3180021
3184033 3180022
3184030 3180020
3184024 3180021
3184012 3180016
3183997 3180012
3183980 3180004
# burst 40
3183961 3179997
3183943 3179990
3183930 3179985
3183917 3179980
3183906 3179976
3183897 3179974
3183893 3179972
3183888 3179972
3183885 3179971
3183883 3179972
3183884 3179973
3183885 3179974
3183885 3179976
3183884 3179977
3183886 3179980
3183889 3179981
3183891 3179984
3183893 3179985
3183897 3179989
3183898 3179990
3183900 3179993
3183902 3179997
3183907 3179999
3183909 3180003
3183910 3180005
3183910 3180007
3183910 3180008
3183909 3180008
3183907 3180010
3183901 3180007
3183896 3180006
3183889 3180001
3183882 3179995
3183873 3179989
3183864 3179981
3183857 3179974
3183848 3179968
3183839 3179959
3183835 3179951
3183834 3179948
# burst 20
3183834 3179946
3183836 3179947
3183839 3179947
3183843 3179950
3183847 3179953
3183850 3179954
3183856 3179956
3183859 3179961
3183862 3179962
3183869 3179965
3183875 3179969
3183881 3179973
3183889 3179977
3183891 3179981
3183898 3179987
3183906 3179995
3183914 3179999
3183918 3180005
3183925 3180011
3183930 3180016
# burst 40
3183936 3180022
3184931 3180843
3184935 3180847
3184937 3180849
3184940 3180853
3184944 3180854
3184945 3180856
3184947 3180858
3184950 3180860
3184952 3180862
3184953 3180862
3184957 3180863
3184956 3180864
3184955 3180864
3184956 3180864
3184954 3180863
3184952 3180862
3184951 3180862
3184949 3180861
3184947 3180859
3184948 3180858
3184946 3180859
3184946 3180859
3184948 3180859
3184947 3180860
3184947 3180860
3184948 3180860
3184949 3180860
3184950 3180861
3184952 3180861
3184954 3180861
3184957 3180862
3184958 3180862
3184960 3180863
3184964 3180866
3184965 3180867
3184966 3180867
3184968 3180866
3184965 3180867
3184963 3180863
# burst 40
3184957 3180861
3184949 3180857
3184936 3180851
3184920 3180844
3184902 3180837
3184882 3180828
3184863 3180818
3184846 3180812
3184830 3180806
3184814 3180797
3184799 3180791
3184791 3180787
3184782 3180783
3184772 3180779
3184767 3180776
3184762 3180773
3184757 3180772
3184756 3180770
3184752 3180769
3184749 3180767
3184748 3180765
3184747 3180764
3184747 3180765
3184746 3180764
3184747 3180762
3184747 3180762
3184748 3180762
3184748 3180760
3184749 3180761
3184750 3180761
3184751 3180759
3184750 3180759
3184750 3180758
3184749 3180757
3184749 3180756
3184748 3180754
3184744 3180752
3184740 3180750
3184738 3180748
3184734 3180747
# burst 20
3184733 3180742
3184728 3180742
3184727 3180740
3184723 3180739
3184724 3180738
3184723 3180736
3184722 3180735
3184722 3180735
3184721 3180733
3184720 3180732
3184720 3180731
3184720 3180730
3184720 3180728
3184721 3180729
3184722 3180728
3184723 3180728
3184724 3180726
3184725 3180728
3184726 3180727
3184727 3180727
# burst 40
3184731 3180727
3185618 3181426
3185617 3181425
3185619 3181423
3185619 3181422
3185619 3181421
3185618 3181419
3185618 3181419
3185615 3181418
3185617 3181416
3185618 3181414
3185617 3181412
3185615 3181412
3185616 3181408
3185613 3181407
3185613 3181404
3185611 3181402
3185610 3181401
3185608 3181400
3185607 3181397
3185607 3181395
3185605 3181395
3185606 3181395
3185605 3181392
3185604 3181392
3185602 3181389
3185602 3181386
3185602 3181385
3185601 3181382
3185603 3181383
3185601 3181380
3185603 3181381
3185603 3181380
3185602 3181378
3185600 3181376
3185601 3181376
3185600 3181374
3185599 3181373
3185595 3181370
3185589 3181367
# burst 40
3185581 3181363
3185568 3181357
3185556 3181351
3185541 3181345
3185526 3181340
3185509 3181331
3185496 3181324
3185481 3181316
3185465 3181309
3185453 3181304
3185443 3181298
3185434 3181293
3185427 3181288
3185418 3181285
3185412 3181280
3185406 3181276
3185402 3181274
3185397 3181270
3185394 3181266
3185390 3181265
3185386 3181260
3185383 3181258
3185382 3181256
3185380 3181252
3185379 3181251
3185379 3181249
3185377 3181246
3185377 3181245
3185377 3181243
3185375 3181240
3185375 3181239
3185375 3181239
3185373 3181238
3185375 3181234
3185371 3181232
3185370 3181231
3185369 3181228
3185368 3181228
3185366 3181226
3185363 3181224
# burst 20
3185362 3181220
3185360 3181218
3185356 3181217
3185355 3181215
3185355 3181215
3185353 3181211
3185351 3181211
3185351 3181210
3185352 3181208
3185351 3181207
3185352 3181205
3185353 3181206
3185354 3181205
3185356 3181205
3185356 3181204
3185358 3181204
3185359 3181203
3185360 3181203
3185361 3181202
3185363 3181201
# burst 40
3185365 3181200
3186357 3182022
3186361 3182023
3186362 3182023
3186365 3182024
3186370 3182024
3186369 3182024
3186375 3182024
3186377 3182025
3186380 3182024
3186385 3182027
3186387 3182027
3186391 3182027
3186392 3182028
3186396 3182030
3186398 3182030
3186399 3182031
3186401 3182030
3186402 3182031
3186402 3182031
3186404 3182030
3186407 3182032
3186409 3182032
3186410 3182032
3186410 3182033
3186412 3182031
3186413 3182032
3186414 3182033
3186416 3182032
3186419 3182034
3186419 3182032
3186420 3182032
3186416 3182029
3186409 3182027
3186401 3182022
3186391 3182018
3186381 3182015
3186369 3182008
3186361 3182004
3186350 3182000
# burst 40
3186339 3181995
3186329 3181993
3186322 3181987
3186314 3181983
3186308 3181980
3186302 3181980
3186297 3181976
3186295 3181974
3186293 3181973
3186291 3181972
3186287 3181970
3186284 3181968
3186283 3181968
3186283 3181968
3186280 3181967
3186280 3181965
3186281 3181965
3186283 3181965
3186283 3181965
3186285 3181964
3186287 3181965
3186289 3181965
3186290 3181964
3186294 3181967
3186297 3181967
3186299 3181969
3186299 3181968
3186301 3181969
3186301 3181968
3186301 3181967
3186299 3181965
3186298 3181965
3186297 3181964
3186296 3181964
3186298 3181964
3186297 3181963
3186299 3181964
3186298 3181964
3186298 3181963
3186297 3181962
# burst 20
3186297 3181963
3186300 3181962
3186302 3181962
3186302 3181962
3186303 3181962
3186304 3181962
3186304 3181962
3186305 3181962
3186307 3181962
3186308 3181965
3186312 3181965
3186315 3181965
3186316 3181966
3186319 3181966
3186320 3181966
3186321 3181966
3186324 3181969
3186327 3181969
3186327 3181970
3186332 3181971
# burst 40
3186336 3181972
3187259 3182739
3187261 3182739
3187265 3182740
3187265 3182741
3187267 3182741
3187269 3182742
3187271 3182742
3187273 3182742
3187274 3182744
3187275 3182745
3187277 3182746
3187278 3182746
3187280 3182746
3187283 3182749
3187283 3182749
3187287 3182751
3187289 3182751
3187292 3182752
3187294 3182754
3187298 3182754
3187300 3182755
3187304 3182758
3187308 3182759
3187311 3182760
3187315 3182762
3187317 3182764
3187320 3182765
3187323 3182765
3187323 3182766
3187325 3182767
3187322 3182767
3187317 3182764
3187307 3182761
3187297 3182756
3187284 3182751
3187271 3182746
3187259 3182741
3187246 3182736
3187235 3182733
# burst 40
3187226 3182728
3187216 3182727
3187210 3182722
3187205 3182720
3187200 3182719
3187198 3182717
3187195 3182717
3187195 3182715
3187194 3182713
3187193 3182714
3187192 3182713
3187192 3182711
3187193 3182713
3187193 3182712
3187194 3182713
3187196 3182711
3187198 3182712
3187201 3182712
3187204 3182714
3187207 3182714
3187207 3182713
3187211 3182713
3187212 3182716
3187213 3182715
3187214 3182716
3187214 3182715
3187217 3182714
3187216 3182716
3187216 3182714
3187215 3182712
3187213 3182713
3187216 3182713
3187217 3182712
3187216 3182713
3187218 3182714
3187219 3182713
3187221 3182714
3187223 3182714
3187225 3182715
3187226 3182716
# burst 20
3187230 3182717
3187232 3182718
3187235 3182718
3187237 3182720
3187241 3182723
3187246 3182722
3187247 3182723
3187253 3182724
3187256 3182725
3187260 3182727
3187266 3182728
3187268 3182728
3187271 3182730
3187275 3182731
3187279 3182732
3187282 3182732
3187285 3182733
3187287 3182734
3187289 3182736
3187292 3182736
# burst 40
3187297 3182736
3188284 3183552
3188288 3183553
3188290 3183552
3188293 3183553
3188293 3183553
3188295 3183555
3188299 3183556
3188299 3183555
3188302 3183558
3188304 3183558
3188304 3183556
3188307 3183557
3188307 3183556
3188307 3183558
3188308 3183558
3188310 3183558
3188310 3183559
3188312 3183556
3188312 3183557
3188314 3183558
3188314 3183558
3188315 3183557
3188318 3183558
3188318 3183559
3188319 3183558
3188321 3183558
3188323 3183558
3188323 3183558
3188327 3183560
3188325 3183560
3188321 3183558
3188315 3183555
3188305 3183550
3188292 3183544
3188274 3183538
3188259 3183531
3188244 3183524
3188227 3183518
3188213 3183512
# burst 40
3188200 3183507
3188191 3183503
3188183 3183500
3188173 3183496
3188166 3183494
3188160 3183492
3188157 3183490
3188153 3183489
3188147 3183486
3188145 3183485
3188143 3183482
3188141 3183481
3188139 3183482
3188135 3183481
3188136 3183479
3188133 3183477
3188134 3183478
3188133 3183477
3188135 3183478
3188138 3183479
3188141 3183480
3188142 3183481
3188145 3183482
3188150 3183483
3188152 3183484
3188153 3183484
3188155 3183486
3188153 3183485
3188155 3183485
3188155 3183486
3188155 3183485
3188155 3183485
3188155 3183486
3188155 3183486
3188155 3183485
3188155 3183487
3188154 3183486
3188154 3183485
3188154 3183485
3188154 3183484
# burst 20
3188153 3183483
3188153 3183481
3188154 3183482
3188154 3183481
3188155 3183482
3188156 3183481
3188157 3183481
3188160 3183481
3188159 3183481
3188163 3183481
3188166 3183481
3188166 3183480
3188168 3183481
3188168 3183480
3188174 3183480
3188174 3183481
3188177 3183482
3188182 3183483
3188183 3183484
3188186 3183482
# burst 40
3188190 3183484
3188192 3183485
3188195 3183483
3188197 3183485
3188197 3183485
3188199 3183485
3188204 3183485
3188205 3183486
3188209 3183488
3188211 3183487
3188212 3183490
3188217 3183490
3188218 3183489
3188219 3183491
3188220 3183491
3188221 3183493
3188223 3183493
3188226 3183495
3188228 3183496
3188229 3183498
3188232 3183498
3188235 3183500
3188236 3183499
3188238 3183501
3188240 3183501
3188243 3183502
3188246 3183503
3188248 3183504
3188250 3183504
3188253 3183507
3188256 3183507
3188256 3183508
3188252 3183507
3188251 3183505
3188243 3183502
3188231 3183497
3188219 3183492
3188205 3183486
3188189 3183480
3188175 3183476
# burst 40
3188159 3183470
3188146 3183466
3188136 3183461
3188125 3183456
3188117 3183453
3188108 3183451
3188101 3183448
3188096 3183444
3188092 3183443
3188088 3183439
3188083 3183440
3188082 3183438
3188081 3183437
3188076 3183436
3188075 3183433
3188074 3183433
3188073 3183432
3188073 3183431
3188073 3183430
3188073 3183430
3188074 3183428
3188073 3183427
3188075 3183427
3188076 3183427
3188077 3183426
3188077 3183426
3188077 3183427
3188075 3183426
3188078 3183425
3188076 3183426
3188075 3183424
3188075 3183423
3188072 3183425
3188073 3183422
3188074 3183423
3188073 3183423
3188073 3183421
3188073 3183422
3188074 3183423
3188074 3183421
# burst 20
3188074 3183421
3188075 3183423
3188075 3183420
3188078 3183420
3188078 3183422
3188079 3183420
3188081 3183423
3188080 3183421
3188082 3183421
3188085 3183422
3188087 3183421
3188087 3183422
3188092 3183423
3188093 3183424
3188095 3183423
3188097 3183423
3188099 3183425
3188103 3183425
3188105 3183426
3188106 3183426
# burst 40
3188109 3183426
3188112 3183427
3188114 3183427
3188116 3183428
3188117 3183428
3188119 3183429
3188121 3183430
3188122 3183430
3188124 3183429
3188126 3183429
3188130 3183433
3188131 3183435
3188135 3183436
3188138 3183436
3188139 3183435
3188142 3183436
3188143 3183439
3188146 3183440
3188149 3183440
3188151 3183441
3188155 3183443
3188158 3183445
3188159 3183445
3188162 3183449
3188165 3183450
3188168 3183452
3188171 3183452
3188172 3183453
3188175 3183455
3188180 3183456
3188182 3183458
3188185 3183460
3188187 3183460
3188190 3183462
3188192 3183464
3188192 3183464
3188190 3183463
3188183 3183461
3188177 3183460
3188167 3183455
# burst 40
3188153 3183452
3188139 3183448
3188127 3183445
3188115 3183442
3188107 3183440
3188095 3183435
3188087 3183434
3188079 3183431
3188074 3183430
3188071 3183429
3188065 3183428
3188065 3183429
3188061 3183428
3188062 3183426
3188060 3183429
3188059 3183430
3188060 3183429
3188059 3183429
3188060 3183429
3188059 3183430
3188059 3183429
3188061 3183431
3188065 3183433
3188066 3183433
3188069 3183435
3188072 3183437
3188076 3183440
3188080 3183441
3188084 3183444
3188090 3183447
3188092 3183449
3188095 3183452
3188099 3183454
3188100 3183457
3188102 3183459
3188105 3183463
3188107 3183465
3188105 3183466
3188106 3183466
3188107 3183467
# burst 20
3188107 3183469
3188107 3183468
3188107 3183468
3188109 3183470
3188109 3183471
3188111 3183471
3188113 3183472
3188111 3183474
3188114 3183473
3188117 3183475
3188118 3183475
3188119 3183475
3188122 3183477
3188126 3183480
3188130 3183484
3188134 3183486
3188140 3183488
3188143 3183492
3188148 3183493
3188151 3183496
# burst 40
3188153 3183498
3188156 3183497
3188154 3183500
3188159 3183501
3188162 3183502
3188163 3183503
3188165 3183503
3188164 3183505
3188165 3183505
3188167 3183506
3188167 3183506
3188166 3183505
3188166 3183507
3188166 3183507
3188167 3183506
3188168 3183508
3188170 3183509
3188171 3183508
3188171 3183509
3188172 3183510
3188173 3183511
3188174 3183512
3188177 3183512
3188180 3183515
3188182 3183514
3188184 3183516
3188187 3183516
3188190 3183517
3188194 3183519
3188196 3183520
3188197 3183522
3188199 3183521
3188201 3183522
3188202 3183522
3188202 3183524
3188202 3183523
3188198 3183521
3188192 3183518
3188182 3183514
3188173 3183512
# burst 40
3188159 3183508
3188149 3183504
3188135 3183500
3188124 3183497
3188113 3183492
3188105 3183490
3188097 3183486
3188090 3183484
3188084 3183483
3188078 3183480
3188076 3183479
3188073 3183478
3188071 3183476
3188068 3183476
3188067 3183477
3188064 3183474
3188069 3183475
3188067 3183473
3188071 3183475
3188071 3183475
3188073 3183475
3188076 3183476
3188081 3183476
3188082 3183476
3188085 3183478
3188087 3183478
3188089 3183478
3188088 3183478
3188088 3183478
3188087 3183477
3188085 3183476
3188084 3183474
3188081 3183475
3188082 3183475
3188080 3183475
3188079 3183472
3188075 3183472
3188075 3183471
3188074 3183470
3188074 3183470
# burst 20
3188073 3183470
3188075 3183471
3188075 3183473
3188077 3183473
3188080 3183474
3188081 3183475
3188086 3183477
3188089 3183480
3188093 3183478
3188099 3183482
3188101 3183484
3188106 3183487
3188109 3183488
3188110 3183488
3188114 3183492
3188116 3183490
3188120 3183492
3188124 3183492
3188128 3183495
3188132 3183498
# burst 40
3188136 3183500
3188138 3183501
3188144 3183504
3188146 3183506
3188149 3183506
3188152 3183508
3188155 3183512
3188158 3183514
3188162 3183515
3188164 3183517
3188168 3183519
3188170 3183521
3188174 3183523
3188176 3183525
3188180 3183527
3188185 3183528
3188188 3183532
3188192 3183534
3188195 3183535
3188200 3183538
3188202 3183540
3188205 3183541
3188202 3183542
3188198 3183541
3188188 3183540
3188181 3183539
3188173 3183536
3188162 3183535
3188154 3183532
3188145 3183531
3188138 3183528
3188130 3183526
3188127 3183527
3188121 3183524
3188118 3183525
3188116 3183525
3188115 3183525
3188114 3183525
3188113 3183526
3188112 3183525
# burst 40
3188113 3183527
3188112 3183527
3188116 3183528
3188116 3183527
3188117 3183529
3188117 3183531
3188121 3183533
3188124 3183532
3188127 3183533
3188131 3183535
3188134 3183536
3188138 3183537
3188141 3183539
3188143 3183539
3188147 3183541
3188149 3183544
3188149 3183542
3188152 3183545
3188154 3183548
3188155 3183549
3188158 3183550
3188158 3183552
3188162 3183555
3188164 3183556
3188167 3183559
3188169 3183560
3188172 3183563
3188177 3183566
3188178 3183568
3188184 3183571
3188188 3183573
3188190 3183577
3188198 3183581
3188201 3183583
3188207 3183585
3188212 3183588
3188216 3183590
3188222 3183593
3188228 3183597
3188233 3183599
# burst 20
3188239 3183602
3188246 3183606
3188253 3183607
3188256 3183611
3188263 3183614
3188270 3183618
3188276 3183620
3188280 3183623
3188286 3183625
3188293 3183631
3188298 3183633
3188301 3183635
3188307 3183637
3188312 3183640
3188315 3183643
3188320 3183645
3188326 3183649
3188328 3183651
3188333 3183654
3188340 3183655
# burst 40
3188341 3183658
3188345 3183659
3188350 3183664
3188354 3183665
3188359 3183668
3188361 3183669
3188365 3183672
3188369 3183674
3188373 3183675
3188375 3183677
3188377 3183677
3188382 3183680
3188383 3183681
3188383 3183682
3188382 3183683
3188375 3183680
3188365 3183678
3188352 3183675
3188339 3183669
3188323 3183666
3188309 3183659
3188292 3183655
3188280 3183652
3188268 3183649
3188257 3183647
3188250 3183646
3188245 3183644
3188241 3183644
3188238 3183644
3188234 3183646
3188232 3183646
3188231 3183646
3188229 3183647
3188228 3183647
3188229 3183649
3188233 3183650
3188230 3183651
3188233 3183654
3188236 3183656
3188239 3183657
# burst 40
3188240 3183657
3188244 3183659
3188248 3183663
3188252 3183664
3188256 3183667
3188259 3183667
3188263 3183670
3188266 3183672
3188267 3183672
3188268 3183674
3188269 3183676
3188271 3183678
3188273 3183678
3188275 3183681
3188276 3183682
3188276 3183685
3188279 3183686
3188282 3183689
3188284 3183688
3188285 3183691
3188289 3183693
3188293 3183696
3188296 3183698
3188300 3183700
3188303 3183702
3188307 3183705
3188311 3183708
3188319 3183710
3188324 3183714
3188329 3183718
3188332 3183721
3188340 3183724
3188345 3183727
3188352 3183731
3188358 3183732
3188362 3183735
3188368 3183737
3188374 3183741
3188380 3183744
3188387 3183746
# burst 20
3188393 3183751
3188397 3183754
3188402 3183758
3188409 3183760
3188415 3183765
3188419 3183768
3188426 3183772
3188433 3183776
3188438 3183781
3188446 3183782
3188449 3183785
3188453 3183790
3188460 3183794
3188466 3183799
3188472 3183802
3188477 3183805
3188485 3183810
3188489 3183813
3188495 3183818
3188501 3183820
# burst 40
3188505 3183826
3188512 3183827
3188515 3183829
3188519 3183834
3188521 3183836
3188517 3183836
3188513 3183834
3188507 3183834
3188495 3183830
3188479 3183827
3188461 3183818
3188442 3183813
3188428 3183809
3188414 3183804
3188400 3183800
3188390 3183799
3188380 3183795
3188372 3183795
3188365 3183793
3188361 3183793
3188358 3183793
3188355 3183792
3188354 3183794
3188352 3183795
3188351 3183796
3188350 3183798
3188351 3183798
3188350 3183801
3188350 3183800
3188353 3183802
3188356 3183805
3188359 3183807
3188362 3183809
3188367 3183811
3188369 3183813
3188372 3183815
3188374 3183816
3188376 3183817
3188377 3183819
3188379 3183821
# burst 40
3188379 3183821
3188380 3183823
3188380 3183823
3188379 3183822
3188380 3183823
3188382 3183823
3188382 3183824
3188382 3183824
3188382 3183827
3188383 3183828
3188384 3183827
3188384 3183828
3188388 3183829
3188391 3183832
3188395 3183834
3188397 3183835
3188401 3183836
3188405 3183839
3188408 3183842
3188414 3183844
3188419 3183847
3188426 3183849
3188432 3183853
3188438 3183858
3188445 3183862
3188452 3183866
3188459 3183867
3188465 3183872
3188472 3183876
3188477 3183877
3188484 3183881
3188490 3183884
3188493 3183887
3188498 3183889
3188504 3183891
3188510 3183894
3188516 3183896
3188521 3183899
3188525 3183900
3188530 3183904
# burst 20
3188537 3183905
3188540 3183908
3188546 3183909
3188552 3183912
3188557 3183914
3188562 3183916
3188568 3183919
3188572 3183920
3188578 3183921
3188582 3183923
3188587 3183924
3188591 3183926
3188597 3183930
3188600 3183931
3188603 3183933
3188604 3183932
3188600 3183931
3188597 3183928
3188590 3183926
3188577 3183915
# burst 40
3188560 3183908
3188544 3183898
3188523 3183887
3188504 3183877
3188487 3183870
3188472 3183861
3188463 3183856
3188452 3183847
3188441 3183843
3188433 3183838
3188425 3183834
3188419 3183830
3188414 3183825
3188407 3183820
3188402 3183817
3188398 3183813
3188391 3183808
3188385 3183804
3188385 3183802
3188382 3183798
3188380 3183798
3188379 3183795
3188379 3183793
3188380 3183793
3188379 3183792
3188379 3183790
3188377 3183789
3188379 3183787
3188376 3183786
3188375 3183787
3188375 3183786
3188375 3183784
3188370 3183783
3188368 3183781
3188366 3183779
3188365 3183777
3188364 3183775
3188362 3183772
3188363 3183770
3188362 3183770
# burst 40
3188363 3183769
3188365 3183769
3188366 3183771
3188368 3183770
3188372 3183771
3188375 3183773
3188377 3183773
3188380 3183775
3188383 3183775
3188387 3183777
3188388 3183777
3188392 3183779
3188394 3183779
3188397 3183778
3188399 3183780
3188400 3183780
3188401 3183781
3188403 3183779
3188407 3183780
3188406 3183781
3188411 3183781
3188414 3183782
3188415 3183782
3188419 3183783
3188421 3183785
3188423 3183785
3188425 3183785
3188427 3183787
3188429 3183786
3188432 3183788
3188436 3183791
3188438 3183790
3188440 3183792
3188443 3183793
3188442 3183793
3188446 3183795
3188447 3183795
3188449 3183797
3188452 3183797
3188456 3183798
# burst 20
3188455 3183800
3188458 3183802
3188460 3183800
3188464 3183802
3188464 3183804
3188467 3183804
3188466 3183803
3188472 3183806
3188472 3183808
3188475 3183810
3188478 3183811
3188482 3183811
3188483 3183814
3188485 3183815
3188491 3183816
3188494 3183819
3188498 3183821
3188503 3183823
3188509 3183823
3188512 3183828
# burst 40
3188520 3183829
3188524 3183829
3188528 3183832
3188532 3183833
3188537 3183836
3188541 3183838
3188544 3183837
3188545 3183839
3188548 3183840
3188549 3183840
3188549 3183839
3188549 3183840
3188547 3183837
3188541 3183834
3188531 3183830
3188518 3183824
3188502 3183817
3188483 3183809
3188466 3183801
3188449 3183796
3188433 3183788
3188419 3183783
3188404 3183778
3188394 3183772
3188382 3183768
3188373 3183762
3188364 3183760
3188357 3183756
3188348 3183753
3188341 3183749
3188335 3183746
3188328 3183743
3188320 3183738
3188314 3183733
3188312 3183732
3188309 3183730
3188304 3183726
3188303 3183724
3188302 3183720
3188301 3183719
# burst 40
3188302 3183717
3188303 3183714
3188303 3183712
3188306 3183713
3188310 3183711
3188311 3183710
3188312 3183709
3188313 3183709
3188315 3183711
3188317 3183711
3188318 3183712
3188321 3183712
3188320 3183711
3188321 3183712
3188323 3183710
3188325 3183712
3188326 3183712
3188328 3183714
3188332 3183713
3188337 3183716
3188341 3183716
3188348 3183720
3188351 3183723
3188356 3183725
3188359 3183726
3188364 3183729
3188369 3183732
3188374 3183734
3188379 3183736
3188384 3183738
3188390 3183743
3188393 3183746
3188400 3183748
3188407 3183750
3188411 3183753
3188417 3183755
3188422 3183758
3188427 3183759
3188433 3183761
3188439 3183764
# burst 20
3188445 3183767
3188449 3183769
3188454 3183771
3188462 3183772
3188467 3183775
3188473 3183779
3188479 3183780
3188487 3183784
3188494 3183786
3188501 3183789
3188508 3183792
3188516 3183796
3188524 3183797
3188534 3183803
3188543 3183805
3188552 3183809
3188563 3183814
3188575 3183816
3188585 3183819
3188596 3183825
# burst 40
3188609 3183827
3188619 3183833
3188633 3183840
3188645 3183847
3188657 3183853
3188667 3183863
3188681 3183875
3188695 3183885
3188708 3183897
3188720 3183909
3188731 3183921
3188742 3183933
3188752 3183946
3188762 3183955
3188770 3183966
3188777 3183975
3188784 3183984
3188793 3183994
3188799 3184000
3188806 3184009
3188810 3184015
3188810 3184019
3188810 3184023
3188811 3184027
3188809 3184029
3188811 3184031
3188809 3184034
3188808 3184034
3188802 3184037
3188794 3184033
3188782 3184030
3188768 3184023
3188755 3184019
3188741 3184013
3188729 3184008
3188716 3184001
3188704 3183995
3188694 3183991
3188687 3183986
3188679 3183982
# burst 40
3188672 3183979
3188669 3183978
3188665 3183978
3188660 3183973
3188658 3183972
3188658 3183972
3188659 3183973
3188660 3183974
3188661 3183972
3188660 3183972
3188659 3183976
3188661 3183973
3188662 3183974
3188662 3183975
3188659 3183971
3188658 3183973
3188656 3183971
3188651 3183969
3188649 3183967
3188646 3183966
3188642 3183964
3188638 3183961
3188634 3183958
3188628 3183954
3188623 3183952
3188620 3183947
3188616 3183945
3188610 3183943
3188606 3183939
3188603 3183936
3188600 3183934
3188598 3183934
3188597 3183930
3188595 3183927
3188591 3183923
3188590 3183924
3188588 3183921
3188587 3183919
3188584 3183917
3188583 3183915
# burst 20
3188580 3183911
3188577 3183909
3188573 3183905
3188568 3183900
3188565 3183897
3188560 3183893
3188556 3183889
3188549 3183883
3188543 3183878
3188536 3183873
3188532 3183867
3188526 3183861
3188523 3183856
3188518 3183853
3188516 3183850
3188513 3183847
3188510 3183844
3188507 3183841
3188506 3183839
3188503 3183837
# burst 40
3188501 3183834
3188499 3183834
3188499 3183833
3188496 3183830
3188495 3183829
3188494 3183828
3188491 3183827
3188492 3183824
3188492 3183823
3188495 3183823
3188495 3183823
3188497 3183826
3188501 3183824
3188502 3183827
3188505 3183829
3188509 3183831
3188512 3183833
3188519 3183835
3188520 3183837
3188520 3183840
3188520 3183840
3188514 3183838
3188505 3183837
3188497 3183833
3188486 3183829
3188474 3183825
3188459 3183820
3188448 3183816
3188437 3183813
3188427 3183809
3188415 3183808
3188407 3183804
3188399 3183802
3188393 3183800
3188389 3183799
3188385 3183798
3188382 3183795
3188379 3183795
3188376 3183795
3188377 3183795
# burst 40
3188377 3183796
3188378 3183797
3188377 3183796
3188381 3183799
3188383 3183800
3188384 3183800
3188386 3183803
3188389 3183803
3188392 3183805
3188393 3183805
3188395 3183804
3188396 3183805
3188394 3183803
3188394 3183800
3188392 3183800
3188391 3183799
3188388 3183797
3188386 3183797
3188384 3183794
3188383 3183793
3188382 3183792
3188381 3183793
3188381 3183791
3188381 3183792
3188380 3183790
3188379 3183788
3188381 3183787
3188384 3183789
3188385 3183787
3188382 3183787
3188383 3183784
3188385 3183783
3188386 3183784
3188387 3183784
3188385 3183782
3188385 3183783
3188385 3183783
3188386 3183783
3188388 3183784
3188387 3183784
# burst 20
3188388 3183785
3188387 3183782
3188385 3183784
3188383 3183781
3188384 3183780
3188381 3183779
3188380 3183776
3188378 3183776
3188377 3183776
3188377 3183775
3188375 3183774
3188374 3183773
3188374 3183773
3188372 3183771
3188372 3183772
3188370 3183770
3188369 3183769
3188369 3183768
3188367 3183766
3188366 3183767
# burst 40
3188368 3183767
3188367 3183766
3188368 3183765
3188366 3183764
3188367 3183764
3188369 3183765
3188368 3183765
3188370 3183764
3188371 3183766
3188369 3183764
3188370 3183764
3188366 3183762
3188367 3183761
3188361 3183758
3188352 3183751
3188344 3183746
3188330 3183740
3188317 3183733
3188304 3183727
3188289 3183720
3188276 3183711
3188262 3183707
3188250 3183699
3188239 3183692
3188226 3183686
3188218 3183680
3188208 3183672
3188200 3183666
3188195 3183664
3188189 3183659
3188185 3183657
3188180 3183653
3188176 3183648
3188172 3183647
3188171 3183643
3188169 3183640
3188166 3183638
3188168 3183636
3188166 3183634
3188166 3183633
# burst 40
3188164 3183632
3188166 3183631
3188165 3183629
3188164 3183629
3188162 3183627
3188160 3183625
3188157 3183625
3188155 3183621
3188151 3183620
3188150 3183617
3188147 3183617
3188143 3183613
3188140 3183611
3188138 3183608
3188135 3183606
3188130 3183604
3188130 3183602
3188128 3183602
3188125 3183599
3188124 3183600
3188123 3183597
3188122 3183596
3188121 3183593
3188122 3183594
3188121 3183591
3188121 3183592
3188122 3183590
3188124 3183589
3188125 3183589
3188126 3183588
3188128 3183589
3188132 3183587
3188133 3183589
3188138 3183587
3188140 3183588
3188143 3183588
3188143 3183587
3188146 3183589
3188150 3183588
3188150 3183587
# burst 20
3188152 3183588
3188154 3183588
3188156 3183588
3188156 3183587
3188157 3183587
3188159 3183588
3188159 3183588
3188160 3183587
3188161 3183588
3188164 3183587
3188162 3183587
3188165 3183588
3188165 3183588
3188167 3183589
3188168 3183589
3188168 3183586
3188170 3183586
3188168 3183584
3188164 3183581
3188159 3183577
# burst 40
3188153 3183575
3188144 3183568
3188135 3183563
3188124 3183557
3188111 3183549
3188100 3183543
3188086 3183536
3188073 3183530
3188067 3183525
3188056 3183518
3188046 3183513
3188037 3183509
3188030 3183506
3188026 3183500
3188020 3183498
3188014 3183496
3188010 3183493
3188009 3183490
3188007 3183488
3188005 3183486
3188004 3183484
3188005 3183484
3188006 3183484
3188005 3183483
3188006 3183482
3188007 3183482
3188006 3183479
3188008 3183479
3188007 3183477
3188006 3183477
3188003 3183476
3188003 3183475
3188002 3183474
3188000 3183471
3187997 3183469
3187993 3183467
3187989 3183465
3187989 3183463
3187985 3183461
3187984 3183461
# burst 40
3187983 3183459
3187981 3183457
3187982 3183457
3187979 3183456
3187978 3183455
3187977 3183452
3187978 3183453
3187977 3183453
3187977 3183453
3187978 3183452
3187978 3183452
3187978 3183451
3187980 3183453
3187979 3183453
3187981 3183453
3187983 3183454
3187984 3183454
3187985 3183455
3187987 3183453
3187985 3183456
3187989 3183456
3187993 3183456
3187996 3183457
3187997 3183458
3188000 3183460
3188002 3183459
3188004 3183460
3188006 3183461
3188009 3183463
3188011 3183465
3188013 3183466
3188013 3183467
3188016 3183467
3188017 3183468
3188018 3183469
3188017 3183470
3188020 3183471
3188022 3183472
3188021 3183473
3188024 3183475
# burst 20
3188026 3183476
3188026 3183478
3188030 3183477
3188032 3183479
3188035 3183482
3188038 3183480
3188040 3183482
3188044 3183482
3188042 3183483
3188038 3183480
3188032 3183478
3188023 3183474
3188011 3183469
3187999 3183463
3187986 3183456
3187973 3183452
3187957 3183445
3187946 3183438
3187932 3183431
3187921 3183426
