# burst 40
3210581 3472740
3341662 3472623
3341662 3472623
3341661 3472623
3341662 3472623
3341662 3472623
3341662 3472623
3341662 3472623
3341662 3472623
3341661 3472623
3341662 3472622
3341662 3472622
3341662 3472622
3341662 3472622
3341661 3472623
3341661 3472623
3341662 3472622
3341662 3472622
3341662 3472622
3341661 3472622
3341662 3472622
3341662 3472622
3341661 3472622
3341661 3472622
3341662 3472621
3341660 3472622
3341660 3472621
3341661 3472621
3341661 3472622
3341661 3472623
3341661 3472622
3341661 3472621
3341661 3472621
3341662 3472620
3341662 3472622
3341661 3472621
3341661 3472621
3341660 3472621
3341659 3472621
3341661 3472622
# burst 40
3341661 3472621
3341661 3472621
3341662 3472622
3341660 3472620
3341661 3472621
3341660 3472621
3341660 3472620
3341660 3472622
3341661 3472621
3341661 3472621
3341660 3472621
3341660 3472620
3341660 3472620
3341661 3472619
3341661 3472621
3341661 3472620
3341660 3472620
3341661 3472620
3341661 3472622
3341660 3472620
3341660 3472621
3341661 3472620
3341661 3472620
3341661 3472620
3341659 3472620
3341660 3472621
3341661 3472620
3341660 3472620
3341661 3472620
3341660 3472620
3341660 3472620
3341661 3472620
3341660 3472621
3341661 3472620
3341661 3472620
3341661 3472620
3341661 3472619
3341661 3472620
3341660 3472620
3341660 3472620
# burst 20
3341660 3472619
3341660 3472621
3341660 3472620
3341661 3472620
3341660 3472620
3341661 3472619
3341660 3472621
3341659 3472620
3341661 3472619
3341660 3472619
3341661 3472620
3341660 3472622
3341660 3472621
3341660 3472620
3341661 3472620
3341660 3472618
3341660 3472620
3341660 3472619
3341661 3472620
3341660 3472619
# burst 40
3341660 3472621
3175372 3173291
3175376 3173292
3175379 3173292
3175382 3173295
3175384 3173295
3175389 3173297
3175392 3173296
3175395 3173300
3175399 3173300
3175402 3173302
3175405 3173304
3175409 3173306
3175412 3173307
3175415 3173307
3175419 3173308
3175421 3173311
3175420 3173311
3175420 3173311
3175420 3173312
3175416 3173310
3175409 3173307
3175403 3173304
3175396 3173301
3175385 3173296
3175378 3173290
3175370 3173288
3175362 3173282
3175356 3173281
3175350 3173278
3175346 3173275
3175342 3173273
3175338 3173271
3175335 3173269
3175334 3173269
3175332 3173268
3175329 3173267
3175326 3173266
3175325 3173267
3175323 3173266
# burst 40
3175323 3173267
3175322 3173266
3175320 3173265
3175322 3173266
3175322 3173267
3175323 3173270
3175324 3173269
3175326 3173272
3175328 3173274
3175329 3173277
3175331 3173278
3175333 3173277
3175336 3173282
3175336 3173283
3175339 3173285
3175339 3173286
3175343 3173288
3175344 3173288
3175345 3173290
3175346 3173292
3175349 3173294
3175352 3173295
3175353 3173298
3175357 3173301
3175362 3173302
3175364 3173306
3175369 3173309
3175376 3173312
3175381 3173315
3175384 3173318
3175390 3173322
3175395 3173327
3175399 3173329
3175405 3173336
3175411 3173339
3175419 3173344
3175421 3173348
3175428 3173352
3175432 3173357
3175438 3173361
# burst 20
3175444 3173366
3175450 3173370
3175455 3173375
3175459 3173378
3175463 3173381
3175467 3173383
3175469 3173388
3175472 3173390
3175474 3173391
3175475 3173394
3175479 3173395
3175481 3173398
3175482 3173399
3175483 3173400
3175486 3173401
3175488 3173401
3175490 3173403
3175493 3173404
3175495 3173406
3175496 3173406
# burst 40
3175498 3173410
3176450 3174213
3176452 3174214
3176454 3174215
3176458 3174216
3176461 3174218
3176463 3174219
3176465 3174220
3176467 3174221
3176469 3174221
3176472 3174223
3176473 3174223
3176474 3174224
3176477 3174225
3176479 3174227
3176480 3174228
3176484 3174229
3176486 3174230
3176488 3174230
3176490 3174233
3176491 3174232
3176491 3174232
3176495 3174234
3176494 3174234
3176496 3174235
3176497 3174236
3176497 3174237
3176496 3174235
3176490 3174231
3176485 3174230
3176479 3174227
3176468 3174222
3176458 3174219
3176447 3174213
3176438 3174208
3176429 3174204
3176423 3174201
3176416 3174197
3176410 3174194
3176404 3174191
# burst 40
3176400 3174188
3176395 3174186
3176391 3174185
3176390 3174182
3176387 3174181
3176384 3174180
3176382 3174178
3176379 3174179
3176376 3174176
3176373 3174175
3176373 3174173
3176372 3174171
3176369 3174170
3176368 3174170
3176368 3174170
3176369 3174170
3176368 3174170
3176369 3174169
3176371 3174172
3176370 3174172
3176374 3174171
3176374 3174173
3176377 3174172
3176376 3174173
3176377 3174175
3176377 3174174
3176380 3174174
3176379 3174175
3176379 3174175
3176381 3174175
3176381 3174176
3176385 3174177
3176383 3174177
3176387 3174179
3176388 3174180
3176389 3174180
3176391 3174182
3176393 3174183
3176395 3174182
3176397 3174184
# burst 20
3176399 3174187
3176402 3174187
3176404 3174189
3176407 3174190
3176407 3174190
3176411 3174193
3176414 3174194
3176416 3174194
3176419 3174196
3176422 3174198
3176424 3174200
3176429 3174201
3176431 3174203
3176434 3174205
3176437 3174206
3176439 3174209
3176442 3174208
3176446 3174209
3176448 3174212
3176450 3174213
# burst 40
3176453 3174216
3177303 3174926
3177305 3174928
3177306 3174929
3177309 3174930
3177312 3174932
3177316 3174933
3177318 3174935
3177322 3174937
3177323 3174937
3177325 3174939
3177329 3174942
3177333 3174943
3177335 3174944
3177338 3174946
3177340 3174948
3177344 3174949
3177346 3174952
3177349 3174953
3177354 3174955
3177357 3174957
3177360 3174958
3177363 3174959
3177366 3174962
3177367 3174962
3177372 3174965
3177373 3174965
3177377 3174968
3177382 3174971
3177387 3174974
3177388 3174975
3177391 3174976
3177395 3174977
3177397 3174979
3177398 3174982
3177404 3174982
3177409 3174986
3177411 3174988
3177414 3174990
3177419 3174992
# burst 40
3177422 3174993
3177426 3174996
3177429 3174998
3177432 3175001
3177436 3175003
3177441 3175008
3177443 3175009
3177446 3175011
3177451 3175015
3177455 3175016
3177459 3175017
3177463 3175020
3177466 3175024
3177470 3175027
3177474 3175028
3177478 3175031
3177482 3175033
3177484 3175035
3177488 3175038
3177486 3175040
3177484 3175039
3177478 3175038
3177473 3175036
3177466 3175033
3177456 3175029
3177446 3175027
3177437 3175022
3177430 3175019
3177422 3175017
3177415 3175016
3177410 3175013
3177405 3175012
3177401 3175010
3177397 3175008
3177393 3175008
3177391 3175007
3177387 3175005
3177386 3175004
3177384 3175004
3177381 3175004
# burst 20
3177380 3175002
3177379 3175002
3177376 3175001
3177375 3175000
3177372 3175000
3177371 3174998
3177371 3174999
3177371 3174998
3177370 3174999
3177374 3175001
3177374 3174999
3177375 3175001
3177374 3175002
3177378 3175002
3177378 3175001
3177379 3175003
3177380 3175003
3177378 3175003
3177379 3175003
3177378 3175003
# burst 40
3177378 3175004
3178342 3175821
3178344 3175822
3178342 3175822
3178344 3175823
3178341 3175822
3178342 3175823
3178341 3175823
3178341 3175822
3178342 3175823
3178341 3175822
3178342 3175822
3178343 3175821
3178344 3175823
3178346 3175824
3178347 3175825
3178349 3175825
3178349 3175825
3178351 3175825
3178354 3175828
3178355 3175827
3178356 3175828
3178360 3175830
3178361 3175831
3178363 3175834
3178365 3175834
3178368 3175834
3178368 3175835
3178371 3175836
3178373 3175838
3178374 3175838
3178376 3175838
3178379 3175840
3178379 3175841
3178380 3175840
3178382 3175842
3178383 3175843
3178383 3175843
3178387 3175844
3178388 3175844
# burst 40
3178390 3175846
3178392 3175846
3178394 3175847
3178396 3175848
3178397 3175849
3178400 3175849
3178400 3175852
3178403 3175851
3178404 3175852
3178405 3175853
3178408 3175854
3178408 3175854
3178412 3175855
3178414 3175857
3178414 3175856
3178416 3175858
3178419 3175859
3178421 3175859
3178422 3175860
3178424 3175860
3178427 3175861
3178429 3175862
3178429 3175863
3178432 3175865
3178434 3175865
3178436 3175867
3178437 3175867
3178442 3175867
3178443 3175871
3178445 3175869
3178447 3175872
3178451 3175872
3178454 3175872
3178455 3175874
3178458 3175875
3178460 3175877
3178461 3175877
3178464 3175879
3178466 3175879
3178467 3175879
# burst 20
3178465 3175880
3178460 3175877
3178453 3175874
3178447 3175873
3178437 3175869
3178427 3175863
3178416 3175857
3178406 3175852
3178396 3175846
3178387 3175841
3178380 3175839
3178371 3175835
3178368 3175831
3178363 3175830
3178360 3175828
3178355 3175825
3178354 3175824
3178353 3175823
3178351 3175822
3178349 3175822
# burst 40
3178349 3175821
3179249 3176588
3179249 3176586
3179248 3176587
3179246 3176585
3179247 3176585
3179248 3176585
3179248 3176585
3179251 3176584
3179252 3176584
3179252 3176585
3179253 3176586
3179256 3176587
3179256 3176586
3179256 3176587
3179257 3176587
3179257 3176587
3179257 3176587
3179258 3176586
3179256 3176588
3179259 3176586
3179256 3176585
3179257 3176584
3179255 3176585
3179256 3176584
3179257 3176586
3179257 3176585
3179259 3176585
3179259 3176586
3179259 3176586
3179259 3176585
3179260 3176585
3179262 3176587
3179265 3176587
3179266 3176588
3179269 3176589
3179271 3176590
3179272 3176590
3179276 3176591
3179278 3176592
# burst 40
3179280 3176592
3179281 3176594
3179284 3176595
3179286 3176597
3179290 3176596
3179290 3176597
3179294 3176597
3179296 3176599
3179299 3176599
3179301 3176601
3179304 3176602
3179305 3176603
3179308 3176604
3179312 3176604
3179313 3176605
3179315 3176606
3179317 3176608
3179320 3176608
3179322 3176608
3179325 3176611
3179328 3176612
3179328 3176613
3179329 3176611
3179334 3176613
3179336 3176614
3179338 3176617
3179340 3176617
3179343 3176618
3179346 3176619
3179349 3176621
3179352 3176621
3179353 3176622
3179355 3176623
3179358 3176626
3179363 3176627
3179364 3176627
3179366 3176629
3179364 3176629
3179362 3176626
3179356 3176625
# burst 20
3179350 3176623
3179344 3176619
3179333 3176615
3179325 3176611
3179316 3176608
3179309 3176605
3179301 3176601
3179295 3176598
3179291 3176596
3179286 3176595
3179283 3176592
3179281 3176591
3179279 3176591
3179277 3176588
3179274 3176587
3179274 3176587
3179273 3176586
3179270 3176585
3179270 3176585
3179270 3176582
# burst 40
3179272 3176585
3180235 3177396
3180236 3177397
3180236 3177397
3180237 3177398
3180240 3177400
3180243 3177399
3180244 3177400
3180246 3177400
3180249 3177400
3180250 3177402
3180251 3177403
3180253 3177402
3180253 3177403
3180254 3177403
3180254 3177404
3180253 3177404
3180254 3177404
3180254 3177405
3180255 3177403
3180255 3177405
3180255 3177405
3180258 3177406
3180258 3177405
3180260 3177406
3180262 3177407
3180263 3177409
3180268 3177410
3180271 3177414
3180274 3177415
3180277 3177417
3180280 3177417
3180282 3177419
3180285 3177420
3180289 3177421
3180291 3177422
3180293 3177421
3180294 3177423
3180297 3177425
3180298 3177426
# burst 40
3180302 3177427
3180304 3177427
3180304 3177426
3180304 3177427
3180307 3177428
3180307 3177427
3180308 3177428
3180308 3177428
3180310 3177428
3180311 3177428
3180314 3177428
3180315 3177430
3180316 3177431
3180320 3177430
3180323 3177431
3180327 3177432
3180329 3177434
3180335 3177435
3180338 3177438
3180344 3177440
3180346 3177443
3180350 3177443
3180356 3177444
3180360 3177447
3180365 3177452
3180368 3177452
3180373 3177455
3180376 3177458
3180380 3177459
3180385 3177462
3180388 3177464
3180391 3177466
3180393 3177466
3180397 3177468
3180399 3177470
3180403 3177470
3180407 3177472
3180408 3177474
3180411 3177475
3180414 3177476
# burst 20
3180417 3177476
3180419 3177478
3180421 3177479
3180421 3177481
3180426 3177483
3180429 3177484
3180433 3177486
3180434 3177487
3180436 3177488
3180437 3177489
3180439 3177491
3180442 3177491
3180443 3177492
3180442 3177491
3180436 3177490
3180429 3177485
3180418 3177479
3180405 3177472
3180392 3177466
3180377 3177458
# burst 40
3180365 3177452
3181191 3178150
3181179 3178144
3181165 3178138
3181154 3178133
3181144 3178127
3181137 3178123
3181128 3178118
3181123 3178114
3181119 3178111
3181115 3178108
3181109 3178107
3181107 3178104
3181104 3178102
3181099 3178100
3181097 3178097
3181096 3178096
3181095 3178094
3181094 3178092
3181094 3178093
3181093 3178092
3181095 3178093
3181096 3178092
3181100 3178093
3181102 3178095
3181105 3178096
3181106 3178095
3181110 3178097
3181113 3178098
3181115 3178100
3181115 3178100
3181119 3178100
3181118 3178101
3181121 3178101
3181121 3178101
3181123 3178102
3181122 3178102
3181121 3178102
3181122 3178100
3181121 3178100
# burst 40
3181120 3178099
3181117 3178100
3181118 3178099
3181118 3178098
3181118 3178098
3181119 3178096
3181119 3178098
3181119 3178097
3181119 3178096
3181121 3178097
3181122 3178097
3181123 3178096
3181126 3178098
3181127 3178098
3181131 3178099
3181133 3178100
3181136 3178100
3181137 3178100
3181141 3178101
3181141 3178102
3181146 3178103
3181147 3178105
3181150 3178106
3181154 3178107
3181157 3178108
3181159 3178111
3181162 3178113
3181165 3178113
3181169 3178115
3181170 3178117
3181174 3178118
3181177 3178120
3181179 3178122
3181181 3178125
3181186 3178128
3181190 3178131
3181194 3178131
3181198 3178135
3181201 3178138
3181204 3178138
# burst 20
3181206 3178140
3181212 3178143
3181216 3178145
3181219 3178146
3181223 3178151
3181230 3178154
3181236 3178158
3181241 3178161
3181248 3178166
3181257 3178170
3181262 3178175
3181270 3178178
3181275 3178184
3181281 3178189
3181287 3178192
3181293 3178196
3181300 3178200
3181305 3178206
3181311 3178209
3181316 3178214
# burst 40
3181324 3178217
3182303 3179040
3182308 3179045
3182314 3179048
3182320 3179051
3182323 3179055
3182327 3179059
3182330 3179062
3182334 3179064
3182339 3179067
3182340 3179070
3182344 3179071
3182347 3179072
3182347 3179075
3182352 3179076
3182353 3179078
3182357 3179081
3182359 3179081
3182360 3179082
3182363 3179085
3182366 3179085
3182367 3179086
3182369 3179086
3182371 3179085
3182370 3179085
3182365 3179083
3182359 3179080
3182353 3179079
3182344 3179072
3182332 3179066
3182319 3179060
3182308 3179053
3182292 3179045
3182280 3179040
3182269 3179033
3182258 3179030
3182250 3179025
3182244 3179022
3182238 3179019
3182232 3179016
# burst 40
3182227 3179013
3182223 3179012
3182221 3179009
3182217 3179008
3182216 3179007
3182213 3179005
3182210 3179003
3182208 3179001
3182205 3178999
3182204 3178999
3182204 3178998
3182201 3178996
3182202 3178996
3182201 3178995
3182198 3178995
3182200 3178995
3182201 3178994
3182201 3178993
3182203 3178993
3182199 3178992
3182200 3178992
3182198 3178990
3182198 3178989
3182198 3178988
3182198 3178987
3182197 3178986
3182194 3178986
3182195 3178985
3182195 3178982
3182195 3178983
3182191 3178981
3182192 3178981
3182193 3178982
3182192 3178982
3182191 3178980
3182192 3178979
3182192 3178980
3182195 3178980
3182196 3178980
3182198 3178981
# burst 20
3182201 3178982
3182201 3178982
3182204 3178983
3182205 3178984
3182209 3178983
3182210 3178987
3182213 3178986
3182215 3178989
3182217 3178988
3182219 3178988
3182220 3178991
3182221 3178991
3182223 3178990
3182226 3178992
3182227 3178993
3182230 3178994
3182231 3178995
3182234 3178996
3182236 3178998
3182239 3179000
# burst 40
3182242 3179000
3183159 3179771
3183160 3179774
3183161 3179773
3183164 3179775
3183164 3179776
3183167 3179777
3183168 3179777
3183173 3179780
3183175 3179780
3183176 3179780
3183178 3179781
3183180 3179782
3183182 3179783
3183184 3179785
3183184 3179784
3183186 3179785
3183189 3179787
3183191 3179789
3183195 3179789
3183195 3179791
3183197 3179791
3183200 3179791
3183202 3179793
3183205 3179794
3183208 3179796
3183211 3179796
3183214 3179798
3183216 3179799
3183220 3179802
3183222 3179801
3183225 3179804
3183226 3179804
3183229 3179805
3183231 3179804
3183231 3179805
3183229 3179804
3183224 3179803
3183218 3179798
3183210 3179796
# burst 40
3183201 3179792
3183192 3179788
3183182 3179784
3183175 3179779
3183166 3179775
3183159 3179772
3183152 3179768
3183148 3179766
3183143 3179765
3183141 3179763
3183138 3179762
3183136 3179763
3183136 3179761
3183136 3179761
3183134 3179760
3183135 3179759
3183133 3179759
3183134 3179759
3183134 3179759
3183134 3179759
3183135 3179759
3183136 3179759
3183137 3179758
3183139 3179760
3183142 3179758
3183144 3179761
3183144 3179761
3183147 3179762
3183146 3179759
3183149 3179762
3183150 3179761
3183149 3179761
3183148 3179760
3183149 3179761
3183148 3179759
3183147 3179759
3183147 3179759
3183145 3179757
3183146 3179757
3183144 3179757
# burst 20
3183147 3179756
3183146 3179756
3183147 3179755
3183147 3179756
3183150 3179755
3183151 3179757
3183152 3179756
3183152 3179757
3183154 3179757
3183155 3179756
3183158 3179756
3183159 3179758
3183160 3179757
3183164 3179759
3183167 3179761
3183167 3179759
3183170 3179761
3183171 3179760
3183174 3179761
3183175 3179762
# burst 40
3183178 3179764
3184152 3180575
3184154 3180576
3184156 3180576
3184158 3180577
3184161 3180579
3184163 3180579
3184163 3180579
3184166 3180580
3184167 3180580
3184169 3180581
3184172 3180581
3184175 3180582
3184176 3180583
3184177 3180584
3184179 3180584
3184181 3180584
3184184 3180584
3184185 3180585
3184186 3180585
3184189 3180586
3184191 3180587
3184191 3180589
3184195 3180588
3184196 3180588
3184198 3180590
3184201 3180591
3184203 3180591
3184207 3180592
3184208 3180591
3184212 3180593
3184214 3180593
3184218 3180596
3184219 3180596
3184222 3180598
3184222 3180598
3184223 3180598
3184219 3180597
3184214 3180595
3184206 3180592
# burst 40
3184196 3180586
3184189 3180583
3184176 3180577
3184164 3180574
3184156 3180567
3184149 3180564
3184140 3180561
3184133 3180558
3184126 3180553
3184122 3180550
3184118 3180549
3184115 3180546
3184112 3180546
3184111 3180545
3184109 3180543
3184108 3180542
3184106 3180541
3184107 3180540
3184105 3180540
3184105 3180537
3184106 3180537
3184107 3180539
3184106 3180538
3184109 3180539
3184110 3180539
3184111 3180540
3184113 3180539
3184114 3180538
3184115 3180541
3184117 3180540
3184119 3180541
3184119 3180540
3184119 3180541
3184119 3180541
3184118 3180539
3184120 3180541
3184120 3180540
3184120 3180540
3184121 3180541
3184121 3180541
# burst 20
3184121 3180540
3184120 3180542
3184123 3180539
3184123 3180541
3184124 3180540
3184125 3180541
3184128 3180542
3184129 3180542
3184130 3180543
3184131 3180542
3184134 3180543
3184138 3180545
3184137 3180544
3184140 3180546
3184144 3180546
3184145 3180547
3184149 3180548
3184153 3180549
3184154 3180550
3184157 3180554
# burst 40
3184160 3180552
3185036 3181252
3185039 3181253
3185042 3181255
3185044 3181255
3185047 3181257
3185050 3181257
3185053 3181258
3185054 3181259
3185058 3181260
3185060 3181262
3185061 3181263
3185065 3181265
3185067 3181266
3185070 3181267
3185073 3181267
3185077 3181269
3185078 3181270
3185081 3181272
3185084 3181272
3185086 3181274
3185089 3181274
3185092 3181276
3185093 3181278
3185096 3181279
3185098 3181281
3185100 3181282
3185104 3181281
3185105 3181285
3185109 3181284
3185112 3181286
3185114 3181287
3185117 3181288
3185119 3181289
3185123 3181292
3185126 3181293
3185129 3181294
3185131 3181295
3185134 3181294
3185137 3181299
# burst 40
3185140 3181298
3185142 3181302
3185146 3181302
3185149 3181304
3185152 3181306
3185154 3181307
3185159 3181309
3185161 3181311
3185165 3181311
3185168 3181313
3185172 3181315
3185174 3181317
3185176 3181319
3185179 3181320
3185184 3181322
3185184 3181323
3185187 3181324
3185187 3181324
3185184 3181325
3185180 3181323
3185172 3181319
3185160 3181314
3185149 3181308
3185136 3181302
3185124 3181297
3185112 3181291
3185102 3181286
3185093 3181282
3185085 3181281
3185079 3181276
3185073 3181275
3185068 3181272
3185065 3181271
3185059 3181269
3185058 3181269
3185055 3181267
3185052 3181265
3185051 3181266
3185050 3181264
3185047 3181263
# burst 20
3185046 3181263
3185047 3181264
3185047 3181263
3185048 3181264
3185048 3181262
3185047 3181262
3185050 3181264
3185049 3181265
3185050 3181264
3185052 3181266
3185053 3181265
3185052 3181263
3185052 3181265
3185053 3181264
3185053 3181266
3185055 3181265
3185056 3181266
3185055 3181264
3185055 3181265
3185053 3181265
# burst 40
3185055 3181263
3186038 3182086
3186038 3182086
3186038 3182086
3186038 3182086
3186038 3182086
3186039 3182088
3186041 3182088
3186042 3182089
3186042 3182089
3186044 3182089
3186047 3182091
3186049 3182089
3186049 3182091
3186052 3182092
3186054 3182093
3186055 3182094
3186058 3182095
3186061 3182095
3186063 3182097
3186066 3182098
3186067 3182099
3186071 3182100
3186072 3182101
3186074 3182101
3186078 3182102
3186080 3182105
3186081 3182105
3186083 3182107
3186086 3182107
3186089 3182108
3186091 3182109
3186093 3182111
3186095 3182112
3186097 3182113
3186099 3182113
3186103 3182115
3186105 3182116
3186107 3182117
3186109 3182118
# burst 40
3186111 3182120
3186113 3182121
3186115 3182121
3186118 3182122
3186120 3182123
3186123 3182125
3186125 3182127
3186128 3182127
3186130 3182129
3186132 3182130
3186135 3182131
3186138 3182134
3186141 3182134
3186144 3182136
3186147 3182136
3186149 3182139
3186153 3182140
3186156 3182142
3186156 3182142
3186160 3182143
3186163 3182146
3186165 3182145
3186168 3182147
3186173 3182150
3186173 3182150
3186176 3182151
3186179 3182153
3186182 3182155
3186185 3182156
3186189 3182157
3186189 3182159
3186193 3182160
3186196 3182162
3186198 3182163
3186203 3182167
3186205 3182167
3186209 3182169
3186210 3182171
3186214 3182170
3186217 3182172
# burst 20
3186221 3182175
3186223 3182176
3186226 3182178
3186228 3182181
3186229 3182179
3186225 3182179
3186222 3182178
3186216 3182176
3186207 3182171
3186193 3182163
3186179 3182157
3186165 3182148
3186151 3182141
3186138 3182134
3186127 3182129
3186115 3182124
3186104 3182120
3186098 3182113
3186089 3182111
3186087 3182108
# burst 40
3186081 3182106
3186993 3182874
3186991 3182871
3186988 3182868
3186984 3182866
3186980 3182865
3186978 3182865
3186976 3182862
3186974 3182860
3186973 3182860
3186972 3182860
3186974 3182859
3186973 3182859
3186974 3182858
3186974 3182858
3186976 3182858
3186976 3182857
3186975 3182856
3186977 3182858
3186977 3182856
3186978 3182856
3186977 3182856
3186977 3182857
3186977 3182856
3186975 3182855
3186974 3182856
3186974 3182854
3186972 3182853
3186971 3182853
3186970 3182852
3186970 3182853
3186969 3182850
3186968 3182851
3186969 3182849
3186968 3182849
3186968 3182849
3186967 3182848
3186968 3182849
3186968 3182848
3186969 3182848
# burst 40
3186972 3182849
3186972 3182850
3186975 3182851
3186976 3182849
3186978 3182852
3186981 3182851
3186982 3182852
3186983 3182852
3186985 3182854
3186987 3182854
3186989 3182854
3186991 3182856
3186993 3182856
3186997 3182857
3186996 3182857
3186997 3182856
3186998 3182856
3187001 3182859
3187004 3182859
3187005 3182860
3187007 3182861
3187008 3182861
3187010 3182862
3187013 3182863
3187014 3182862
3187015 3182864
3187016 3182863
3187017 3182864
3187020 3182865
3187022 3182866
3187024 3182866
3187025 3182867
3187024 3182867
3187028 3182868
3187029 3182868
3187030 3182869
3187034 3182871
3187035 3182870
3187038 3182870
3187040 3182872
# burst 20
3187040 3182872
3187043 3182874
3187046 3182874
3187049 3182874
3187053 3182876
3187053 3182876
3187055 3182878
3187055 3182877
3187057 3182877
3187053 3182876
3187048 3182873
3187042 3182868
3187034 3182864
3187022 3182860
3187012 3182854
3187002 3182848
3186992 3182844
3186981 3182838
3186975 3182834
3186966 3182829
# burst 40
3186960 3182827
3187935 3183638
3187928 3183634
3187927 3183634
3187923 3183632
3187919 3183630
3187919 3183629
3187919 3183628
3187916 3183626
3187916 3183625
3187915 3183626
3187916 3183625
3187917 3183623
3187917 3183624
3187918 3183624
3187920 3183624
3187922 3183625
3187925 3183624
3187927 3183626
3187929 3183626
3187931 3183627
3187934 3183628
3187935 3183628
3187936 3183626
3187934 3183627
3187934 3183627
3187934 3183627
3187934 3183628
3187937 3183628
3187933 3183627
3187933 3183625
3187935 3183625
3187932 3183625
3187932 3183624
3187935 3183626
3187936 3183625
3187937 3183625
3187938 3183627
3187938 3183626
3187940 3183626
# burst 40
3187942 3183626
3187944 3183626
3187945 3183627
3187946 3183628
3187947 3183627
3187950 3183628
3187953 3183630
3187955 3183630
3187957 3183631
3187961 3183632
3187961 3183632
3187966 3183632
3187968 3183635
3187971 3183636
3187972 3183635
3187976 3183636
3187977 3183636
3187982 3183638
3187984 3183640
3187987 3183639
3187988 3183640
3187991 3183643
3187994 3183643
3187997 3183645
3187999 3183646
3188002 3183648
3188004 3183647
3188006 3183649
3188010 3183649
3188013 3183651
3188014 3183651
3188019 3183654
3188020 3183654
3188023 3183655
3188024 3183654
3188027 3183656
3188031 3183657
3188031 3183660
3188034 3183659
3188038 3183661
# burst 20
3188039 3183662
3188042 3183662
3188047 3183664
3188048 3183665
3188055 3183667
3188053 3183668
3188056 3183668
3188056 3183667
3188056 3183668
3188052 3183665
3188043 3183661
3188033 3183657
3188023 3183651
3188010 3183645
3187999 3183639
3187988 3183632
3187975 3183627
3187966 3183623
3187957 3183619
3187950 3183616
# burst 40
3187947 3183614
3187941 3183611
3187939 3183609
3187935 3183608
3187930 3183607
3187930 3183605
3187928 3183604
3187925 3183601
3187924 3183600
3187922 3183600
3187919 3183597
3187919 3183597
3187919 3183596
3187919 3183597
3187919 3183595
3187922 3183596
3187924 3183597
3187925 3183596
3187926 3183597
3187928 3183599
3187928 3183598
3187930 3183599
3187930 3183598
3187929 3183598
3187930 3183598
3187931 3183598
3187931 3183598
3187929 3183598
3187930 3183598
3187930 3183598
3187931 3183598
3187930 3183596
3187930 3183596
3187929 3183596
3187931 3183597
3187931 3183595
3187933 3183597
3187931 3183596
3187933 3183596
3187936 3183597
# burst 40
3187936 3183598
3187938 3183596
3187939 3183597
3187940 3183599
3187944 3183598
3187946 3183601
3187946 3183601
3187948 3183602
3187951 3183601
3187953 3183603
3187956 3183603
3187960 3183605
3187960 3183607
3187963 3183607
3187967 3183609
3187968 3183609
3187974 3183610
3187974 3183612
3187977 3183613
3187979 3183613
3187981 3183614
3187983 3183615
3187984 3183614
3187988 3183616
3187990 3183617
3187993 3183619
3187994 3183620
3187996 3183621
3187999 3183623
3188003 3183624
3188005 3183624
3188008 3183626
3188011 3183627
3188012 3183628
3188015 3183629
3188018 3183630
3188020 3183631
3188022 3183633
3188026 3183635
3188028 3183636
# burst 20
3188033 3183638
3188035 3183640
3188038 3183642
3188041 3183643
3188045 3183647
3188046 3183647
3188050 3183649
3188054 3183651
3188055 3183651
3188059 3183653
3188061 3183655
3188064 3183657
3188067 3183659
3188071 3183662
3188073 3183659
3188078 3183663
3188080 3183665
3188082 3183665
3188085 3183667
3188088 3183669
# burst 40
3188092 3183671
3188095 3183673
3188097 3183673
3188099 3183674
3188104 3183676
3188106 3183679
3188109 3183680
3188113 3183681
3188114 3183682
3188116 3183685
3188120 3183687
3188122 3183687
3188122 3183689
3188123 3183689
3188116 3183689
3188107 3183683
3188094 3183676
3188083 3183671
3188068 3183666
3188054 3183659
3188043 3183653
3188029 3183649
3188020 3183645
3188010 3183641
3188004 3183637
3187997 3183634
3187993 3183633
3187987 3183631
3187983 3183628
3187980 3183626
3187977 3183625
3187973 3183623
3187970 3183621
3187968 3183620
3187966 3183620
3187966 3183620
3187965 3183618
3187963 3183616
3187961 3183617
3187961 3183617
# burst 40
3187962 3183618
3187963 3183618
3187964 3183617
3187964 3183618
3187966 3183619
3187968 3183619
3187967 3183620
3187969 3183618
3187969 3183620
3187969 3183621
3187972 3183620
3187970 3183621
3187970 3183621
3187971 3183620
3187970 3183620
3187970 3183620
3187970 3183619
3187969 3183622
3187972 3183621
3187970 3183621
3187972 3183621
3187972 3183620
3187972 3183622
3187972 3183621
3187974 3183621
3187973 3183621
3187975 3183620
3187974 3183621
3187977 3183620
3187978 3183620
3187979 3183621
3187980 3183620
3187981 3183620
3187982 3183620
3187984 3183620
3187986 3183620
3187989 3183621
3187991 3183622
3187993 3183624
3187997 3183625
# burst 20
3187998 3183625
3188000 3183626
3188001 3183626
3188004 3183629
3188006 3183631
3188009 3183630
3188011 3183632
3188011 3183633
3188015 3183636
3188017 3183637
3188019 3183639
3188019 3183638
3188023 3183640
3188025 3183642
3188027 3183644
3188030 3183645
3188032 3183645
3188034 3183646
3188034 3183647
3188038 3183647
# burst 40
3188040 3183649
3188045 3183651
3188047 3183653
3188048 3183653
3188050 3183655
3188052 3183655
3188056 3183658
3188057 3183658
3188060 3183659
3188061 3183662
3188064 3183663
3188068 3183665
3188070 3183667
3188072 3183667
3188075 3183669
3188078 3183670
3188080 3183673
3188084 3183674
3188085 3183674
3188088 3183678
3188093 3183680
3188096 3183681
3188097 3183683
3188100 3183684
3188103 3183685
3188107 3183689
3188111 3183690
3188111 3183691
3188115 3183693
3188118 3183696
3188121 3183699
3188123 3183702
3188125 3183703
3188128 3183705
3188132 3183706
3188135 3183708
3188138 3183709
3188142 3183711
3188143 3183713
3188144 3183715
# burst 40
3188146 3183717
3188144 3183714
3188142 3183711
3188132 3183707
3188120 3183700
3188107 3183692
3188089 3183682
3188072 3183675
3188055 3183664
3188039 3183655
3188025 3183646
3188009 3183639
3187999 3183631
3187990 3183627
3187982 3183622
3187975 3183616
3187970 3183614
3187965 3183609
3187963 3183608
3187958 3183606
3187957 3183604
3187954 3183603
3187955 3183601
3187953 3183601
3187953 3183601
3187955 3183599
3187957 3183600
3187956 3183600
3187958 3183602
3187961 3183601
3187964 3183604
3187966 3183604
3187966 3183606
3187970 3183606
3187971 3183608
3187975 3183608
3187974 3183608
3187974 3183610
3187974 3183610
3187972 3183608
# burst 20
3187972 3183608
3187970 3183608
3187967 3183608
3187966 3183606
3187965 3183603
3187964 3183604
3187962 3183603
3187959 3183601
3187958 3183601
3187956 3183600
3187953 3183598
3187953 3183599
3187952 3183596
3187952 3183596
3187951 3183598
3187952 3183597
3187952 3183596
3187952 3183595
3187950 3183595
3187950 3183595
# burst 40
3187953 3183595
3187954 3183597
3187955 3183598
3187955 3183597
3187955 3183597
3187955 3183598
3187958 3183599
3187955 3183599
3187958 3183600
3187959 3183600
3187962 3183601
3187963 3183600
3187964 3183604
3187966 3183603
3187968 3183603
3187971 3183604
3187972 3183604
3187974 3183605
3187976 3183606
3187977 3183606
3187981 3183607
3187983 3183608
3187985 3183608
3187988 3183609
3187992 3183610
3187993 3183609
3187996 3183609
3187998 3183612
3188002 3183613
3188003 3183615
3188008 3183615
3188010 3183616
3188013 3183618
3188016 3183619
3188017 3183621
3188021 3183621
3188023 3183624
3188025 3183625
3188027 3183625
3188030 3183628
# burst 40
3188032 3183628
3188033 3183628
3188032 3183630
3188033 3183628
3188029 3183626
3188022 3183622
3188014 3183616
3188004 3183610
3187994 3183606
3187982 3183596
3187969 3183589
3187957 3183582
3187947 3183574
3187935 3183568
3187927 3183563
3187920 3183556
3187914 3183553
3187908 3183549
3187904 3183545
3187901 3183541
3187898 3183541
3187895 3183538
3187892 3183536
3187890 3183532
3187887 3183530
3187886 3183530
3187886 3183528
3187886 3183528
3187887 3183527
3187886 3183527
3187886 3183525
3187886 3183524
3187886 3183525
3187888 3183523
3187889 3183524
3187889 3183524
3187891 3183524
3187891 3183523
3187892 3183522
3187893 3183522
# burst 20
3187893 3183523
3187895 3183522
3187898 3183523
3187899 3183524
3187900 3183523
3187903 3183526
3187905 3183526
3187907 3183530
3187911 3183531
3187913 3183533
3187918 3183535
3187922 3183538
3187925 3183540
3187928 3183545
3187933 3183547
3187937 3183550
3187941 3183557
3187947 3183559
3187950 3183565
3187955 3183565
# burst 40
3187960 3183570
3187967 3183574
3187972 3183577
3187974 3183581
3187978 3183584
3187982 3183588
3187986 3183591
3187990 3183593
3187993 3183595
3187998 3183601
3188001 3183603
3188004 3183604
3188009 3183607
3188011 3183608
3188013 3183610
3188016 3183611
3188017 3183614
3188020 3183614
3188022 3183616
3188024 3183617
3188026 3183618
3188027 3183620
3188029 3183622
3188033 3183621
3188035 3183622
3188035 3183622
3188038 3183623
3188038 3183623
3188043 3183624
3188042 3183627
3188045 3183625
3188046 3183625
3188048 3183628
3188051 3183629
3188054 3183630
3188055 3183631
3188056 3183632
3188059 3183632
3188061 3183633
3188061 3183633
# burst 40
3188066 3183635
3188066 3183635
3188069 3183635
3188071 3183637
3188074 3183639
3188076 3183640
3188078 3183642
3188081 3183643
3188084 3183644
3188087 3183647
3188088 3183649
3188092 3183648
3188090 3183647
3188089 3183649
3188085 3183647
3188078 3183643
3188065 3183637
3188052 3183629
3188039 3183622
3188025 3183614
3188012 3183606
3187998 3183599
3187986 3183590
3187977 3183586
3187967 3183578
3187959 3183574
3187955 3183573
3187948 3183568
3187943 3183565
3187939 3183563
3187936 3183562
3187933 3183559
3187928 3183556
3187926 3183555
3187923 3183552
3187921 3183550
3187918 3183549
3187915 3183548
3187915 3183549
3187914 3183548
# burst 20
3187915 3183547
3187915 3183546
3187916 3183545
3187915 3183545
3187916 3183546
3187916 3183546
3187917 3183545
3187918 3183546
3187919 3183546
3187918 3183545
3187918 3183546
3187918 3183546
3187918 3183545
3187918 3183544
3187917 3183547
3187919 3183545
3187919 3183544
3187917 3183545
3187918 3183545
3187919 3183546
# burst 40
3187920 3183546
3187920 3183548
3187921 3183547
3187923 3183548
3187924 3183549
3187926 3183550
3187927 3183550
3187930 3183553
3187932 3183554
3187933 3183557
3187936 3183557
3187938 3183558
3187940 3183560
3187942 3183561
3187944 3183560
3187945 3183561
3187948 3183563
3187951 3183565
3187954 3183566
3187957 3183568
3187959 3183570
3187963 3183570
3187964 3183572
3187970 3183574
3187969 3183575
3187972 3183579
3187974 3183580
3187977 3183580
3187981 3183582
3187986 3183584
3187987 3183588
3187991 3183587
3187993 3183591
3187996 3183591
3187998 3183595
3188000 3183595
3188005 3183597
3188008 3183598
3188011 3183601
3188011 3183602
# burst 40
3188015 3183605
3188021 3183608
3188022 3183610
3188025 3183613
3188030 3183613
3188034 3183617
3188036 3183619
3188039 3183621
3188043 3183624
3188048 3183626
3188050 3183628
3188053 3183628
3188056 3183633
3188060 3183635
3188062 3183635
3188067 3183638
3188070 3183640
3188074 3183643
3188079 3183645
3188081 3183646
3188085 3183650
3188089 3183652
3188091 3183653
3188095 3183655
3188096 3183658
3188101 3183661
3188104 3183663
3188109 3183665
3188113 3183667
3188116 3183669
3188119 3183673
3188122 3183676
3188127 3183678
3188131 3183680
3188133 3183682
3188137 3183685
3188140 3183688
3188144 3183691
3188148 3183694
3188152 3183696
# burst 20
3188155 3183698
3188159 3183701
3188163 3183703
3188165 3183704
3188167 3183705
3188168 3183708
3188164 3183705
3188156 3183702
3188146 3183695
3188131 3183689
3188117 3183678
3188101 3183671
3188086 3183663
3188069 3183654
3188059 3183647
3188046 3183642
3188038 3183638
3188030 3183632
3188023 3183631
3188019 3183627
# burst 40
3188014 3183624
3188011 3183623
3188007 3183622
3188005 3183621
3188002 3183620
3187998 3183617
3187995 3183617
3187992 3183617
3187991 3183616
3187991 3183615
3187989 3183615
3187991 3183614
3187988 3183615
3187991 3183616
3187990 3183616
3187993 3183618
3187993 3183618
3187995 3183618
3187993 3183619
3187994 3183620
3187995 3183620
3187995 3183620
3187993 3183620
3187994 3183620
3187992 3183619
3187991 3183617
3187990 3183617
3187989 3183618
3187989 3183618
3187990 3183617
3187989 3183619
3187988 3183618
3187990 3183618
3187991 3183618
3187990 3183621
3187991 3183620
3187992 3183620
3187992 3183619
3187993 3183621
3187996 3183621
# burst 40
3187995 3183623
3188000 3183626
3188001 3183626
3188004 3183629
3188007 3183629
3188008 3183629
3188009 3183632
3188009 3183631
3188011 3183634
3188015 3183633
3188017 3183634
3188019 3183637
3188022 3183637
3188023 3183639
3188025 3183640
3188027 3183641
3188030 3183642
3188030 3183642
3188032 3183646
3188035 3183644
3188038 3183648
3188040 3183649
3188043 3183649
3188045 3183650
3188044 3183651
3188049 3183652
3188049 3183654
3188052 3183655
3188055 3183657
3188056 3183657
3188056 3183658
3188061 3183660
3188064 3183661
3188066 3183662
3188068 3183664
3188069 3183665
3188071 3183667
3188072 3183667
3188074 3183668
3188076 3183670
# burst 20
3188079 3183669
3188080 3183673
3188081 3183673
3188083 3183674
3188086 3183675
3188089 3183677
3188091 3183679
3188094 3183680
3188097 3183682
3188098 3183683
3188102 3183681
3188105 3183684
3188108 3183687
3188109 3183688
3188112 3183689
3188116 3183690
3188119 3183692
3188121 3183693
3188122 3183694
3188121 3183692
# burst 40
3188118 3183692
3188112 3183689
3188103 3183683
3188091 3183677
3188080 3183669
3188063 3183660
3188050 3183653
3188036 3183647
3188025 3183641
3188015 3183634
3188007 3183630
3188001 3183626
3187996 3183623
3187991 3183622
3187988 3183620
3187984 3183615
3187981 3183615
3187981 3183613
3187981 3183612
3187979 3183611
3187976 3183609
3187977 3183610
3187975 3183609
3187979 3183609
3187978 3183610
3187980 3183609
3187982 3183609
3187982 3183610
3187985 3183610
3187987 3183610
3187988 3183611
3187988 3183612
3187989 3183613
3187990 3183612
3187989 3183610
3187990 3183609
3187990 3183611
3187989 3183611
3187989 3183608
3187988 3183610
# burst 40
3187989 3183606
3187988 3183609
3187989 3183608
3187988 3183609
3187990 3183609
3187990 3183609
3187994 3183610
3187994 3183609
3187995 3183610
3187996 3183610
3187997 3183611
3187999 3183612
3188000 3183612
3188003 3183615
3188007 3183615
3188007 3183615
3188010 3183617
3188013 3183618
3188016 3183620
3188019 3183620
3188022 3183621
3188027 3183626
3188027 3183627
3188031 3183626
3188034 3183628
3188035 3183630
3188040 3183632
3188043 3183634
3188045 3183636
3188050 3183636
3188052 3183638
3188055 3183640
3188056 3183641
3188060 3183643
3188063 3183647
3188066 3183645
3188068 3183648
3188070 3183647
3188074 3183648
3188075 3183652
# burst 20
3188078 3183651
3188079 3183652
3188082 3183652
3188083 3183653
3188089 3183656
3188091 3183654
3188092 3183656
3188094 3183658
3188097 3183659
3188099 3183658
3188099 3183658
3188103 3183660
3188107 3183662
3188110 3183662
3188113 3183664
3188116 3183664
3188119 3183667
3188122 3183669
3188125 3183671
3188127 3183673
# burst 40
3188131 3183673
3188134 3183676
3188136 3183676
3188139 3183678
3188138 3183678
3188139 3183678
3188138 3183679
3188133 3183676
3188124 3183671
3188111 3183663
3188098 3183658
3188081 3183649
3188068 3183641
3188054 3183634
3188041 3183630
3188030 3183622
3188022 3183618
3188014 3183615
3188008 3183610
3188003 3183609
3187999 3183605
3187993 3183604
3187991 3183603
3187987 3183601
3187983 3183598
3187980 3183597
3187978 3183595
3187976 3183594
3187973 3183592
3187971 3183591
3187971 3183591
3187971 3183591
3187971 3183590
3187970 3183590
3187971 3183591
3187972 3183589
3187971 3183590
3187974 3183590
3187974 3183589
3187973 3183589
# burst 40
3187976 3183590
3187974 3183589
3187974 3183589
3187973 3183588
3187973 3183588
3187973 3183588
3187973 3183587
3187972 3183587
3187971 3183587
3187972 3183587
3187972 3183586
3187971 3183586
3187973 3183587
3187974 3183586
3187974 3183587
3187974 3183587
3187977 3183588
3187978 3183588
3187980 3183589
3187980 3183590
3187981 3183590
3187983 3183591
3187988 3183593
3187987 3183592
3187989 3183595
3187992 3183594
3187995 3183596
3187997 3183598
3187999 3183599
3188000 3183598
3188004 3183600
3188007 3183600
3188010 3183602
3188011 3183603
3188013 3183605
3188016 3183605
3188020 3183606
3188022 3183608
3188025 3183609
3188026 3183610
# burst 20
3188029 3183610
3188031 3183614
3188033 3183614
3188038 3183614
3188039 3183617
3188043 3183618
3188044 3183620
3188047 3183619
3188047 3183621
3188052 3183622
3188055 3183624
3188057 3183628
3188060 3183627
3188062 3183629
3188066 3183630
3188068 3183632
3188071 3183632
3188073 3183634
3188076 3183636
3188078 3183639
# burst 40
3188083 3183637
3188086 3183640
3188089 3183642
3188089 3183642
3188093 3183644
3188097 3183646
3188099 3183647
3188100 3183647
3188105 3183649
3188108 3183652
3188110 3183653
3188113 3183655
3188117 3183657
3188118 3183659
3188122 3183661
3188126 3183661
3188127 3183665
3188129 3183667
3188135 3183667
3188137 3183668
3188141 3183673
3188145 3183673
3188146 3183674
3188148 3183677
3188151 3183679
3188153 3183680
3188159 3183683
3188162 3183685
3188165 3183687
3188168 3183689
3188171 3183690
3188172 3183692
3188176 3183693
3188180 3183695
3188182 3183697
3188182 3183697
3188183 3183700
3188183 3183699
3188182 3183698
3188176 3183696
# burst 40
3188163 3183691
3188148 3183682
3188133 3183674
3188117 3183667
3188104 3183661
3188091 3183656
3188080 3183650
3188073 3183647
3188063 3183644
3188059 3183643
3188053 3183641
3188048 3183640
3188046 3183639
3188041 3183637
3188041 3183637
3188038 3183637
3188035 3183635
3188033 3183635
3188031 3183635
3188029 3183635
3188028 3183635
3188028 3183635
3188029 3183634
3188029 3183637
3188030 3183638
3188030 3183637
3188035 3183640
3188034 3183640
3188037 3183641
3188039 3183641
3188038 3183643
3188038 3183642
3188038 3183643
3188039 3183643
3188041 3183644
3188039 3183642
3188038 3183642
3188039 3183642
3188037 3183642
3188037 3183642
# burst 20
3188036 3183642
3188038 3183643
3188040 3183645
3188039 3183644
3188040 3183647
3188040 3183646
3188043 3183645
3188044 3183648
3188046 3183649
3188049 3183652
3188050 3183652
3188051 3183652
3188053 3183653
3188054 3183656
3188058 3183658
3188061 3183659
3188065 3183658
3188066 3183661
3188067 3183664
3188071 3183665
# burst 40
3188073 3183667
3188077 3183667
3188081 3183670
3188084 3183671
3188086 3183672
3188088 3183675
3188089 3183675
3188093 3183678
3188096 3183678
3188099 3183679
3188102 3183682
3188104 3183684
3188107 3183685
3188109 3183687
3188113 3183691
3188115 3183691
3188117 3183693
3188118 3183694
3188123 3183695
3188125 3183697
3188127 3183699
3188129 3183702
3188130 3183702
3188134 3183704
3188136 3183705
3188139 3183707
3188142 3183709
3188144 3183710
3188146 3183711
3188150 3183713
3188151 3183715
3188155 3183717
3188161 3183719
3188161 3183719
3188164 3183723
3188168 3183724
3188172 3183726
3188172 3183728
3188175 3183730
3188178 3183731
# burst 40
3188181 3183734
3188185 3183737
3188188 3183737
3188191 3183739
3188191 3183738
3188195 3183741
3188199 3183745
3188201 3183747
3188205 3183748
3188207 3183749
3188209 3183752
3188214 3183754
3188216 3183756
3188220 3183757
3188223 3183760
3188227 3183762
3188227 3183763
3188229 3183763
3188229 3183763
3188228 3183761
3188220 3183759
3188209 3183754
3188195 3183743
3188179 3183736
3188162 3183728
3188145 3183720
3188130 3183712
3188115 3183704
3188102 3183701
3188092 3183695
3188082 3183692
3188076 3183688
3188069 3183686
3188066 3183684
3188061 3183683
3188057 3183681
3188054 3183679
3188053 3183679
3188049 3183678
3188048 3183677
# burst 20
3188046 3183675
3188045 3183675
3188046 3183675
3188046 3183674
3188047 3183676
3188046 3183675
3188048 3183676
3188050 3183676
3188051 3183676
3188053 3183677
3188053 3183675
3188053 3183677
3188055 3183677
3188054 3183676
3188053 3183676
3188053 3183677
3188051 3183676
3188051 3183675
3188047 3183674
3188048 3183673
# burst 40
3188050 3183674
3188050 3183674
3188047 3183673
3188048 3183673
3188049 3183673
3188048 3183672
3188049 3183673
3188048 3183672
3188049 3183671
3188049 3183672
3188050 3183672
3188052 3183672
3188053 3183673
3188054 3183674
3188057 3183673
3188059 3183675
3188063 3183674
3188064 3183676
3188065 3183678
3188069 3183679
3188070 3183681
3188073 3183682
3188075 3183683
3188078 3183682
3188080 3183684
3188082 3183684
3188086 3183687
3188087 3183686
3188090 3183688
3188092 3183688
3188094 3183690
3188097 3183691
3188099 3183693
3188102 3183693
3188104 3183694
3188108 3183694
3188108 3183695
3188111 3183697
3188115 3183699
3188116 3183699
# burst 40
3188118 3183699
3188122 3183701
3188123 3183701
3188126 3183703
3188129 3183704
3188132 3183705
3188132 3183706
3188136 3183707
3188136 3183708
3188140 3183709
3188143 3183712
3188147 3183713
3188149 3183715
3188154 3183717
3188154 3183717
3188158 3183719
3188162 3183720
3188165 3183721
3188167 3183723
3188171 3183725
3188172 3183725
3188175 3183726
3188175 3183726
3188170 3183724
3188162 3183718
3188152 3183712
3188138 3183708
3188126 3183703
3188111 3183696
3188100 3183691
3188088 3183684
3188075 3183680
3188063 3183677
3188057 3183671
3188051 3183670
3188046 3183667
3188043 3183665
3188040 3183663
3188037 3183663
3188037 3183661
# burst 20
3188033 3183661
3188033 3183659
3188032 3183659
3188029 3183658
3188031 3183658
3188030 3183658
3188031 3183656
3188032 3183657
3188033 3183658
3188035 3183659
3188037 3183659
3188038 3183659
3188040 3183660
3188041 3183658
3188043 3183659
3188044 3183659
3188044 3183660
3188044 3183660
3188045 3183659
3188043 3183660
