# burst 40
3210581 3472739
3341659 3472622
3341660 3472622
3341661 3472622
3341660 3472621
3341661 3472621
3341660 3472621
3341661 3472622
3341662 3472622
3341660 3472621
3341661 3472621
3341660 3472622
3341661 3472621
3341661 3472621
3341661 3472621
3341660 3472621
3341660 3472620
3341660 3472621
3341661 3472621
3341660 3472621
3341661 3472620
3341661 3472621
3341661 3472620
3341661 3472620
3341659 3472621
3341659 3472620
3341660 3472620
3341661 3472620
3341661 3472620
3341661 3472620
3341660 3472620
3341660 3472620
3341661 3472621
3341660 3472620
3341660 3472619
3341660 3472621
3341660 3472619
3341659 3472620
3341659 3472620
3341659 3472620
# burst 40
3341661 3472618
3341660 3472619
3341660 3472619
3341660 3472620
3341660 3472619
3341659 3472619
3341660 3472619
3341659 3472618
3341659 3472618
3341660 3472619
3341659 3472619
3341659 3472618
3341660 3472619
3341660 3472619
3341660 3472618
3341660 3472619
3341660 3472619
3341659 3472618
3341660 3472619
3341660 3472620
3341660 3472619
3341660 3472619
3341659 3472618
3341659 3472619
3341660 3472618
3341659 3472619
3341660 3472619
3341660 3472619
3341659 3472619
3341660 3472620
3341660 3472619
3341659 3472619
3341658 3472617
3341659 3472618
3341659 3472618
3341659 3472618
3341659 3472618
3341660 3472619
3341659 3472619
3341660 3472620
# burst 20
3341660 3472619
3341659 3472619
3341659 3472618
3341660 3472619
3341659 3472618
3341658 3472618
3341660 3472619
3341659 3472618
3341659 3472619
3341659 3472619
3341661 3472619
3341660 3472618
3341659 3472619
3341660 3472618
3341659 3472618
3341660 3472619
3341659 3472619
3341659 3472618
3341660 3472618
3341659 3472618
# burst 40
3341659 3472618
3176139 3173662
3176129 3173657
3176118 3173653
3176107 3173649
3176095 3173645
3176087 3173642
3176081 3173640
3176072 3173635
3176067 3173632
3176060 3173630
3176058 3173627
3176053 3173625
3176049 3173622
3176046 3173620
3176043 3173619
3176040 3173617
3176036 3173614
3176034 3173614
3176031 3173614
3176029 3173612
3176028 3173610
3176026 3173609
3176025 3173609
3176024 3173607
3176024 3173607
3176026 3173606
3176025 3173605
3176026 3173606
3176025 3173605
3176026 3173605
3176026 3173604
3176025 3173603
3176026 3173603
3176026 3173601
3176024 3173602
3176023 3173600
3176023 3173600
3176022 3173598
3176022 3173597
# burst 40
3176021 3173596
3176020 3173595
3176019 3173596
3176019 3173594
3176019 3173594
3176021 3173593
3176021 3173593
3176021 3173590
3176023 3173592
3176024 3173592
3176025 3173591
3176027 3173592
3176028 3173593
3176032 3173593
3176033 3173590
3176035 3173592
3176037 3173592
3176040 3173592
3176041 3173592
3176044 3173593
3176047 3173592
3176049 3173594
3176050 3173594
3176052 3173592
3176054 3173594
3176056 3173595
3176058 3173595
3176061 3173595
3176063 3173595
3176064 3173596
3176066 3173598
3176068 3173596
3176069 3173596
3176072 3173596
3176073 3173597
3176075 3173598
3176078 3173598
3176080 3173597
3176081 3173597
3176083 3173598
# burst 20
3176084 3173598
3176088 3173600
3176091 3173601
3176093 3173600
3176094 3173601
3176098 3173602
3176100 3173602
3176102 3173601
3176104 3173602
3176104 3173603
3176108 3173603
3176108 3173602
3176111 3173603
3176113 3173604
3176115 3173605
3176115 3173604
3176118 3173604
3176119 3173604
3176121 3173605
3176123 3173604
# burst 40
3176126 3173605
3177096 3174419
3177099 3174420
3177099 3174419
3177103 3174419
3177104 3174419
3177106 3174422
3177109 3174421
3177110 3174421
3177115 3174422
3177115 3174422
3177118 3174424
3177122 3174423
3177124 3174424
3177126 3174425
3177129 3174426
3177132 3174426
3177134 3174427
3177133 3174428
3177134 3174427
3177133 3174428
3177130 3174427
3177123 3174425
3177113 3174423
3177103 3174419
3177089 3174416
3177076 3174409
3177063 3174407
3177052 3174403
3177041 3174400
3177029 3174395
3177021 3174392
3177015 3174390
3177009 3174388
3177003 3174386
3177000 3174384
3176996 3174382
3176992 3174380
3176988 3174379
3176985 3174378
# burst 40
3176982 3174376
3176980 3174375
3176977 3174373
3176976 3174373
3176974 3174371
3176972 3174370
3176973 3174369
3176973 3174370
3176973 3174367
3176973 3174367
3176973 3174366
3176973 3174366
3176973 3174366
3176972 3174366
3176974 3174364
3176974 3174365
3176972 3174363
3176972 3174361
3176972 3174361
3176972 3174361
3176972 3174361
3176971 3174362
3176971 3174361
3176973 3174362
3176970 3174361
3176973 3174361
3176973 3174360
3176973 3174359
3176974 3174361
3176976 3174361
3176978 3174359
3176981 3174360
3176979 3174360
3176981 3174361
3176984 3174360
3176984 3174360
3176985 3174361
3176989 3174361
3176990 3174362
3176992 3174363
# burst 20
3176995 3174363
3176997 3174364
3176999 3174366
3177002 3174365
3177004 3174365
3177005 3174366
3177009 3174366
3177010 3174368
3177011 3174367
3177014 3174368
3177017 3174368
3177018 3174368
3177019 3174367
3177024 3174368
3177023 3174369
3177025 3174369
3177027 3174367
3177028 3174368
3177031 3174367
3177033 3174369
# burst 40
3177035 3174371
3177899 3175084
3177903 3175085
3177904 3175086
3177905 3175086
3177908 3175087
3177909 3175087
3177910 3175087
3177911 3175086
3177913 3175088
3177915 3175087
3177916 3175086
3177919 3175088
3177920 3175088
3177923 3175090
3177923 3175090
3177926 3175090
3177929 3175090
3177931 3175092
3177933 3175092
3177933 3175092
3177936 3175092
3177938 3175092
3177941 3175094
3177942 3175095
3177945 3175094
3177949 3175096
3177951 3175098
3177953 3175098
3177955 3175100
3177958 3175101
3177960 3175101
3177964 3175102
3177965 3175104
3177969 3175104
3177971 3175106
3177974 3175105
3177976 3175106
3177977 3175107
3177980 3175107
# burst 40
3177981 3175108
3177983 3175108
3177987 3175110
3177987 3175110
3177991 3175112
3177992 3175112
3177994 3175112
3177996 3175113
3177998 3175113
3178001 3175114
3178002 3175114
3178004 3175116
3178002 3175115
3178000 3175116
3177997 3175115
3177988 3175112
3177978 3175107
3177967 3175103
3177953 3175100
3177940 3175096
3177928 3175093
3177916 3175089
3177905 3175084
3177895 3175081
3177889 3175080
3177882 3175077
3177878 3175076
3177874 3175075
3177872 3175075
3177868 3175073
3177866 3175072
3177862 3175070
3177861 3175071
3177860 3175069
3177858 3175069
3177858 3175068
3177857 3175070
3177856 3175069
3177856 3175069
3177856 3175068
# burst 20
3177857 3175069
3177858 3175070
3177859 3175070
3177860 3175068
3177859 3175067
3177859 3175068
3177859 3175067
3177858 3175066
3177858 3175064
3177856 3175065
3177857 3175064
3177856 3175063
3177855 3175062
3177852 3175061
3177851 3175059
3177850 3175058
3177849 3175057
3177848 3175057
3177847 3175057
3177846 3175055
# burst 40
3177848 3175055
3178827 3175875
3178827 3175874
3178827 3175872
3178828 3175874
3178830 3175873
3178829 3175872
3178831 3175873
3178832 3175873
3178834 3175873
3178834 3175872
3178836 3175871
3178838 3175872
3178838 3175874
3178841 3175874
3178843 3175875
3178848 3175875
3178848 3175877
3178851 3175878
3178855 3175880
3178858 3175879
3178860 3175881
3178864 3175882
3178868 3175883
3178868 3175882
3178871 3175883
3178874 3175884
3178876 3175885
3178880 3175886
3178882 3175888
3178886 3175889
3178889 3175888
3178891 3175891
3178895 3175890
3178898 3175892
3178901 3175896
3178903 3175897
3178906 3175897
3178909 3175900
3178912 3175900
# burst 40
3178914 3175903
3178917 3175903
3178920 3175904
3178922 3175905
3178925 3175905
3178927 3175907
3178929 3175908
3178933 3175908
3178934 3175909
3178938 3175909
3178939 3175910
3178944 3175910
3178945 3175910
3178949 3175912
3178951 3175912
3178953 3175914
3178957 3175913
3178959 3175915
3178958 3175915
3178958 3175916
3178951 3175912
3178946 3175910
3178935 3175906
3178924 3175901
3178910 3175898
3178899 3175894
3178888 3175890
3178875 3175884
3178865 3175881
3178858 3175880
3178850 3175877
3178845 3175875
3178838 3175874
3178835 3175873
3178833 3175872
3178829 3175871
3178828 3175870
3178827 3175869
3178825 3175869
3178824 3175868
# burst 20
3178823 3175867
3178822 3175867
3178824 3175867
3178823 3175867
3178825 3175868
3178826 3175867
3178826 3175867
3178827 3175868
3178829 3175867
3178830 3175866
3178832 3175867
3178832 3175867
3178833 3175867
3178833 3175868
3178835 3175866
3178836 3175869
3178835 3175868
3178835 3175869
3178837 3175869
3178835 3175869
# burst 40
3178836 3175871
3179753 3176639
3179751 3176639
3179753 3176639
3179753 3176640
3179753 3176639
3179753 3176640
3179756 3176640
3179756 3176640
3179758 3176640
3179760 3176640
3179761 3176641
3179762 3176641
3179763 3176641
3179767 3176643
3179769 3176644
3179771 3176645
3179773 3176645
3179776 3176645
3179779 3176645
3179782 3176645
3179783 3176645
3179785 3176645
3179788 3176646
3179789 3176648
3179793 3176648
3179795 3176651
3179799 3176650
3179802 3176651
3179805 3176653
3179808 3176652
3179809 3176653
3179811 3176654
3179815 3176656
3179817 3176655
3179819 3176657
3179823 3176657
3179824 3176657
3179826 3176658
3179828 3176659
# burst 40
3179830 3176660
3179831 3176660
3179835 3176661
3179836 3176660
3179839 3176661
3179839 3176661
3179843 3176662
3179846 3176663
3179849 3176665
3179852 3176667
3179854 3176666
3179857 3176669
3179860 3176670
3179864 3176672
3179865 3176671
3179868 3176673
3179870 3176673
3179873 3176674
3179878 3176674
3179880 3176675
3179882 3176675
3179883 3176676
3179885 3176676
3179887 3176676
3179890 3176678
3179893 3176677
3179893 3176678
3179895 3176678
3179896 3176679
3179901 3176679
3179901 3176681
3179903 3176680
3179907 3176681
3179907 3176683
3179913 3176683
3179909 3176684
3179910 3176684
3179908 3176683
3179902 3176682
3179894 3176678
# burst 20
3179883 3176675
3179869 3176671
3179854 3176666
3179838 3176662
3179825 3176657
3179809 3176652
3179800 3176649
3179789 3176648
3179781 3176644
3179774 3176643
3179767 3176640
3179763 3176641
3179759 3176638
3179756 3176637
3179752 3176636
3179751 3176637
3179747 3176635
3179744 3176634
3179744 3176633
3179741 3176633
# burst 40
3179742 3176633
3180717 3177444
3180715 3177445
3180714 3177444
3180714 3177445
3180715 3177446
3180715 3177445
3180715 3177444
3180717 3177442
3180717 3177442
3180718 3177443
3180716 3177442
3180718 3177443
3180717 3177442
3180718 3177442
3180715 3177440
3180716 3177441
3180716 3177441
3180714 3177441
3180717 3177441
3180716 3177442
3180715 3177441
3180716 3177441
3180716 3177442
3180717 3177442
3180718 3177442
3180718 3177441
3180719 3177441
3180721 3177443
3180722 3177443
3180723 3177442
3180724 3177442
3180726 3177443
3180729 3177442
3180731 3177443
3180733 3177444
3180734 3177445
3180736 3177446
3180740 3177445
3180742 3177449
# burst 40
3180747 3177451
3180752 3177450
3180752 3177451
3180757 3177451
3180760 3177452
3180761 3177453
3180764 3177454
3180767 3177454
3180770 3177454
3180775 3177455
3180777 3177456
3180779 3177456
3180783 3177458
3180786 3177460
3180789 3177460
3180792 3177462
3180795 3177463
3180797 3177462
3180801 3177463
3180803 3177464
3180803 3177463
3180807 3177464
3180810 3177465
3180813 3177466
3180814 3177464
3180816 3177467
3180818 3177468
3180821 3177468
3180824 3177467
3180826 3177468
3180831 3177471
3180832 3177472
3180835 3177472
3180839 3177473
3180842 3177474
3180842 3177477
3180847 3177478
3180851 3177479
3180854 3177479
3180856 3177479
# burst 20
3180858 3177479
3180860 3177480
3180864 3177481
3180866 3177482
3180868 3177480
3180872 3177482
3180874 3177482
3180876 3177483
3180878 3177485
3180881 3177486
3180883 3177486
3180887 3177484
3180888 3177486
3180889 3177487
3180893 3177487
3180895 3177489
3180897 3177489
3180898 3177489
3180902 3177490
3180904 3177493
# burst 40
3180908 3177496
3181765 3178202
3181767 3178202
3181771 3178204
3181772 3178204
3181775 3178204
3181777 3178205
3181779 3178207
3181781 3178209
3181782 3178208
3181780 3178208
3181779 3178208
3181774 3178208
3181764 3178205
3181751 3178201
3181738 3178196
3181718 3178189
3181701 3178184
3181685 3178180
3181670 3178175
3181660 3178173
3181646 3178170
3181639 3178166
3181631 3178165
3181626 3178162
3181622 3178161
3181617 3178158
3181613 3178158
3181611 3178158
3181609 3178157
3181606 3178156
3181602 3178156
3181602 3178156
3181601 3178155
3181600 3178154
3181599 3178154
3181599 3178154
3181599 3178152
3181601 3178153
3181602 3178153
# burst 40
3181602 3178154
3181602 3178153
3181606 3178152
3181605 3178154
3181605 3178154
3181604 3178152
3181605 3178153
3181603 3178152
3181605 3178153
3181603 3178152
3181602 3178151
3181602 3178150
3181602 3178149
3181602 3178150
3181601 3178150
3181600 3178151
3181600 3178150
3181600 3178148
3181599 3178149
3181601 3178147
3181600 3178149
3181603 3178148
3181605 3178149
3181607 3178150
3181609 3178148
3181609 3178149
3181612 3178150
3181613 3178152
3181617 3178151
3181620 3178153
3181623 3178154
3181624 3178153
3181627 3178154
3181630 3178154
3181631 3178156
3181636 3178156
3181638 3178155
3181640 3178158
3181643 3178158
3181645 3178158
# burst 20
3181650 3178159
3181650 3178160
3181653 3178160
3181656 3178161
3181659 3178162
3181661 3178162
3181664 3178162
3181664 3178163
3181667 3178164
3181670 3178165
3181673 3178166
3181675 3178165
3181676 3178166
3181680 3178166
3181681 3178168
3181683 3178168
3181686 3178170
3181689 3178169
3181690 3178170
3181694 3178171
# burst 40
3181697 3178172
3182682 3178990
3182688 3178989
3182688 3178992
3182691 3178992
3182694 3178992
3182696 3178993
3182698 3178996
3182701 3178995
3182705 3178997
3182706 3178997
3182710 3178997
3182712 3178999
3182715 3178999
3182718 3179001
3182719 3179001
3182723 3179003
3182725 3179003
3182729 3179004
3182733 3179005
3182735 3179005
3182738 3179009
3182743 3179008
3182744 3179010
3182746 3179010
3182748 3179011
3182748 3179012
3182745 3179011
3182739 3179010
3182734 3179008
3182723 3179005
3182710 3179000
3182693 3178996
3182679 3178991
3182667 3178986
3182654 3178985
3182644 3178981
3182634 3178978
3182627 3178976
3182621 3178974
# burst 40
3182616 3178972
3182613 3178970
3182609 3178970
3182608 3178970
3182607 3178969
3182608 3178969
3182604 3178968
3182605 3178969
3182604 3178968
3182604 3178970
3182603 3178968
3182606 3178969
3182607 3178968
3182607 3178968
3182611 3178969
3182611 3178969
3182615 3178971
3182616 3178970
3182616 3178970
3182618 3178970
3182617 3178970
3182618 3178970
3182619 3178970
3182617 3178970
3182619 3178970
3182617 3178971
3182617 3178970
3182618 3178971
3182617 3178970
3182617 3178971
3182617 3178969
3182618 3178969
3182618 3178969
3182620 3178969
3182619 3178970
3182621 3178969
3182622 3178970
3182622 3178968
3182624 3178970
3182627 3178971
# burst 20
3182630 3178969
3182631 3178970
3182632 3178972
3182636 3178973
3182640 3178974
3182641 3178974
3182645 3178974
3182646 3178974
3182650 3178978
3182652 3178976
3182655 3178979
3182659 3178980
3182662 3178981
3182664 3178980
3182666 3178983
3182670 3178983
3182674 3178986
3182677 3178986
3182680 3178985
3182683 3178987
# burst 40
3182687 3178989
3183615 3179759
3183617 3179760
3183619 3179761
3183621 3179762
3183623 3179761
3183625 3179762
3183628 3179762
3183631 3179763
3183633 3179765
3183635 3179765
3183637 3179765
3183642 3179767
3183642 3179768
3183644 3179769
3183648 3179768
3183650 3179770
3183654 3179771
3183657 3179773
3183659 3179773
3183660 3179774
3183663 3179775
3183664 3179775
3183668 3179776
3183671 3179776
3183672 3179778
3183675 3179779
3183677 3179779
3183682 3179781
3183683 3179781
3183685 3179782
3183689 3179783
3183692 3179785
3183694 3179786
3183698 3179788
3183702 3179787
3183702 3179790
3183702 3179789
3183703 3179789
3183698 3179790
# burst 40
3183692 3179788
3183682 3179785
3183669 3179781
3183652 3179776
3183636 3179770
3183620 3179767
3183606 3179764
3183593 3179760
3183581 3179757
3183573 3179755
3183565 3179751
3183560 3179750
3183554 3179749
3183549 3179749
3183546 3179748
3183543 3179749
3183539 3179746
3183538 3179745
3183534 3179746
3183534 3179745
3183532 3179745
3183530 3179746
3183531 3179744
3183532 3179746
3183532 3179745
3183532 3179744
3183532 3179744
3183534 3179744
3183534 3179745
3183536 3179745
3183536 3179745
3183538 3179747
3183538 3179746
3183539 3179746
3183538 3179748
3183539 3179747
3183539 3179747
3183539 3179749
3183539 3179749
3183536 3179747
# burst 20
3183539 3179747
3183538 3179746
3183537 3179746
3183538 3179745
3183538 3179747
3183539 3179746
3183539 3179746
3183540 3179747
3183542 3179747
3183543 3179746
3183544 3179747
3183546 3179746
3183546 3179747
3183548 3179749
3183553 3179748
3183554 3179748
3183557 3179749
3183560 3179750
3183563 3179750
3183566 3179751
# burst 40
3183569 3179751
3184553 3180564
3184553 3180565
3184557 3180566
3184563 3180567
3184565 3180568
3184568 3180568
3184570 3180570
3184572 3180571
3184575 3180571
3184577 3180571
3184581 3180573
3184585 3180573
3184586 3180574
3184591 3180576
3184593 3180576
3184594 3180577
3184597 3180578
3184599 3180579
3184602 3180579
3184606 3180580
3184609 3180580
3184611 3180582
3184614 3180583
3184615 3180584
3184617 3180581
3184621 3180584
3184622 3180585
3184625 3180587
3184628 3180588
3184631 3180587
3184633 3180590
3184637 3180589
3184640 3180591
3184641 3180592
3184645 3180592
3184648 3180592
3184650 3180595
3184652 3180594
3184655 3180596
# burst 40
3184659 3180597
3184662 3180598
3184664 3180598
3184666 3180599
3184670 3180600
3184671 3180601
3184675 3180601
3184679 3180602
3184681 3180603
3184684 3180606
3184686 3180606
3184689 3180607
3184692 3180608
3184694 3180609
3184696 3180609
3184700 3180611
3184701 3180612
3184704 3180612
3184707 3180612
3184711 3180612
3184713 3180614
3184717 3180616
3184720 3180618
3184722 3180619
3184720 3180619
3184720 3180619
3184714 3180617
3184707 3180617
3184697 3180613
3184684 3180609
3184666 3180605
3184648 3180598
3184630 3180595
3184614 3180589
3184599 3180585
3184587 3180581
3184575 3180579
3184567 3180574
3184559 3180573
3184553 3180573
# burst 20
3184549 3180573
3184541 3180570
3184539 3180570
3184536 3180568
3184533 3180568
3184530 3180566
3184527 3180568
3184525 3180567
3184525 3180567
3184523 3180567
3184522 3180565
3184521 3180565
3184524 3180565
3184523 3180566
3184523 3180567
3184525 3180566
3184526 3180566
3184526 3180566
3184528 3180567
3184528 3180566
# burst 40
3184528 3180567
3185410 3181263
3185410 3181264
3185409 3181263
3185409 3181262
3185406 3181263
3185406 3181264
3185408 3181262
3185406 3181261
3185406 3181264
3185408 3181264
3185408 3181263
3185409 3181264
3185408 3181264
3185408 3181264
3185410 3181263
3185409 3181263
3185412 3181263
3185414 3181263
3185416 3181264
3185419 3181265
3185419 3181264
3185423 3181265
3185425 3181266
3185428 3181266
3185430 3181266
3185433 3181268
3185436 3181267
3185439 3181269
3185441 3181270
3185443 3181270
3185446 3181270
3185450 3181272
3185452 3181273
3185456 3181274
3185458 3181275
3185460 3181275
3185463 3181277
3185467 3181277
3185469 3181278
# burst 40
3185471 3181277
3185474 3181281
3185476 3181280
3185478 3181281
3185482 3181282
3185483 3181282
3185486 3181282
3185489 3181285
3185492 3181286
3185495 3181285
3185496 3181287
3185501 3181287
3185502 3181286
3185505 3181288
3185508 3181291
3185511 3181291
3185513 3181290
3185515 3181293
3185517 3181292
3185520 3181295
3185524 3181296
3185526 3181296
3185528 3181297
3185532 3181297
3185535 3181300
3185537 3181301
3185543 3181300
3185544 3181302
3185545 3181303
3185549 3181304
3185552 3181305
3185554 3181305
3185559 3181306
3185560 3181308
3185565 3181308
3185568 3181309
3185570 3181311
3185574 3181312
3185577 3181312
3185578 3181313
# burst 20
3185582 3181316
3185585 3181316
3185588 3181317
3185589 3181316
3185594 3181319
3185597 3181319
3185600 3181321
3185601 3181321
3185606 3181322
3185607 3181324
3185611 3181325
3185612 3181326
3185615 3181327
3185618 3181327
3185624 3181329
3185623 3181331
3185628 3181331
3185630 3181331
3185633 3181332
3185634 3181334
# burst 40
3185637 3181335
3186633 3182159
3186631 3182160
3186627 3182159
3186620 3182158
3186611 3182158
3186599 3182151
3186581 3182146
3186563 3182139
3186543 3182133
3186526 3182129
3186511 3182124
3186495 3182119
3186485 3182117
3186475 3182114
3186466 3182112
3186458 3182110
3186452 3182108
3186447 3182108
3186443 3182107
3186438 3182106
3186434 3182104
3186433 3182105
3186428 3182104
3186426 3182102
3186424 3182102
3186422 3182102
3186420 3182102
3186421 3182101
3186421 3182102
3186421 3182102
3186422 3182103
3186422 3182103
3186423 3182103
3186424 3182104
3186425 3182104
3186426 3182104
3186427 3182104
3186425 3182103
3186425 3182103
# burst 40
3186426 3182105
3186425 3182104
3186425 3182104
3186424 3182103
3186422 3182103
3186422 3182104
3186422 3182104
3186421 3182104
3186423 3182105
3186425 3182105
3186423 3182103
3186423 3182104
3186426 3182103
3186428 3182106
3186430 3182105
3186429 3182106
3186432 3182105
3186434 3182106
3186435 3182107
3186439 3182109
3186442 3182109
3186444 3182110
3186445 3182110
3186450 3182111
3186452 3182109
3186454 3182112
3186457 3182112
3186459 3182113
3186460 3182114
3186465 3182115
3186469 3182115
3186471 3182116
3186474 3182118
3186476 3182119
3186480 3182120
3186482 3182120
3186486 3182122
3186489 3182122
3186490 3182123
3186493 3182124
# burst 20
3186497 3182125
3186499 3182125
3186503 3182126
3186503 3182127
3186506 3182129
3186507 3182129
3186513 3182130
3186515 3182129
3186518 3182131
3186520 3182133
3186521 3182132
3186524 3182134
3186528 3182135
3186529 3182137
3186531 3182138
3186534 3182136
3186537 3182139
3186540 3182140
3186543 3182139
3186545 3182142
# burst 40
3186550 3182142
3187483 3182914
3187485 3182912
3187486 3182915
3187488 3182915
3187491 3182915
3187494 3182917
3187495 3182918
3187499 3182918
3187502 3182919
3187506 3182920
3187507 3182920
3187513 3182923
3187514 3182924
3187517 3182924
3187517 3182924
3187521 3182926
3187524 3182926
3187527 3182929
3187531 3182928
3187534 3182929
3187538 3182931
3187540 3182931
3187542 3182933
3187546 3182935
3187548 3182936
3187551 3182937
3187556 3182936
3187558 3182939
3187562 3182939
3187566 3182942
3187568 3182943
3187569 3182943
3187570 3182944
3187570 3182944
3187569 3182944
3187563 3182942
3187557 3182939
3187545 3182935
3187531 3182931
# burst 40
3187513 3182926
3187493 3182917
3187473 3182909
3187457 3182904
3187442 3182901
3187426 3182894
3187413 3182891
3187402 3182890
3187393 3182884
3187386 3182881
3187378 3182879
3187376 3182879
3187372 3182877
3187366 3182874
3187361 3182874
3187359 3182872
3187355 3182870
3187351 3182868
3187350 3182869
3187348 3182868
3187346 3182867
3187347 3182865
3187347 3182866
3187347 3182866
3187348 3182866
3187349 3182866
3187350 3182866
3187351 3182868
3187350 3182867
3187351 3182866
3187351 3182865
3187351 3182865
3187348 3182864
3187349 3182864
3187348 3182863
3187346 3182863
3187347 3182864
3187345 3182862
3187345 3182862
3187344 3182861
# burst 20
3187342 3182861
3187343 3182859
3187342 3182859
3187343 3182858
3187343 3182860
3187345 3182858
3187345 3182859
3187346 3182858
3187347 3182857
3187348 3182858
3187349 3182858
3187351 3182857
3187355 3182858
3187357 3182858
3187360 3182859
3187362 3182861
3187364 3182861
3187366 3182861
3187370 3182863
3187371 3182862
# burst 40
3187375 3182865
3188367 3183681
3188370 3183682
3188373 3183682
3188375 3183684
3188377 3183686
3188382 3183686
3188383 3183687
3188386 3183687
3188388 3183687
3188391 3183689
3188394 3183690
3188396 3183689
3188398 3183692
3188402 3183692
3188402 3183691
3188405 3183690
3188407 3183693
3188410 3183693
3188412 3183695
3188415 3183695
3188416 3183695
3188420 3183695
3188420 3183697
3188423 3183697
3188425 3183699
3188428 3183699
3188430 3183700
3188432 3183699
3188434 3183702
3188437 3183701
3188439 3183702
3188442 3183704
3188444 3183704
3188446 3183703
3188448 3183706
3188451 3183707
3188454 3183709
3188456 3183709
3188459 3183710
# burst 40
3188462 3183709
3188464 3183710
3188466 3183712
3188468 3183713
3188473 3183714
3188476 3183715
3188478 3183715
3188482 3183718
3188486 3183719
3188488 3183721
3188491 3183723
3188495 3183722
3188495 3183724
3188498 3183724
3188497 3183723
3188495 3183723
3188489 3183720
3188479 3183717
3188468 3183714
3188450 3183706
3188434 3183701
3188419 3183693
3188403 3183688
3188388 3183684
3188375 3183681
3188364 3183676
3188356 3183674
3188349 3183672
3188344 3183669
3188341 3183667
3188336 3183666
3188333 3183665
3188329 3183663
3188328 3183661
3188327 3183661
3188325 3183661
3188324 3183662
3188326 3183660
3188325 3183660
3188326 3183662
# burst 20
3188328 3183662
3188329 3183659
3188331 3183661
3188333 3183661
3188333 3183662
3188335 3183661
3188335 3183661
3188334 3183661
3188335 3183661
3188335 3183661
3188334 3183661
3188332 3183659
3188332 3183661
3188332 3183658
3188331 3183658
3188331 3183658
3188330 3183657
3188331 3183656
3188329 3183656
3188328 3183657
# burst 40
3188330 3183658
3188331 3183656
3188332 3183657
3188332 3183656
3188334 3183655
3188334 3183656
3188335 3183655
3188337 3183655
3188338 3183657
3188339 3183656
3188341 3183656
3188344 3183654
3188347 3183657
3188351 3183658
3188352 3183659
3188354 3183660
3188359 3183661
3188361 3183661
3188362 3183661
3188367 3183663
3188370 3183665
3188372 3183666
3188376 3183666
3188380 3183666
3188383 3183668
3188384 3183668
3188388 3183670
3188390 3183669
3188393 3183670
3188394 3183670
3188397 3183671
3188399 3183671
3188401 3183673
3188404 3183673
3188406 3183673
3188406 3183674
3188410 3183675
3188412 3183676
3188415 3183677
3188416 3183678
# burst 40
3188418 3183679
3188420 3183679
3188420 3183680
3188424 3183679
3188424 3183680
3188427 3183680
3188431 3183681
3188431 3183683
3188432 3183683
3188438 3183683
3188439 3183684
3188440 3183685
3188445 3183687
3188448 3183686
3188450 3183686
3188452 3183688
3188457 3183688
3188459 3183691
3188460 3183690
3188464 3183693
3188466 3183695
3188468 3183695
3188464 3183693
3188457 3183690
3188448 3183686
3188436 3183683
3188418 3183674
3188402 3183669
3188385 3183664
3188368 3183659
3188355 3183654
3188340 3183650
3188331 3183646
3188321 3183644
3188314 3183642
3188308 3183640
3188302 3183639
3188298 3183638
3188293 3183635
3188291 3183634
# burst 20
3188292 3183632
3188286 3183633
3188284 3183632
3188283 3183629
3188281 3183630
3188279 3183628
3188277 3183629
3188277 3183627
3188277 3183627
3188278 3183629
3188279 3183627
3188281 3183627
3188280 3183626
3188283 3183626
3188283 3183628
3188284 3183627
3188285 3183625
3188284 3183626
3188285 3183625
3188283 3183626
# burst 40
3188283 3183625
3188283 3183625
3188280 3183624
3188280 3183624
3188280 3183624
3188278 3183622
3188277 3183623
3188277 3183624
3188277 3183622
3188277 3183622
3188279 3183622
3188279 3183621
3188280 3183622
3188280 3183622
3188282 3183622
3188283 3183620
3188286 3183622
3188287 3183622
3188289 3183622
3188289 3183622
3188294 3183622
3188295 3183622
3188296 3183623
3188298 3183623
3188301 3183624
3188304 3183624
3188308 3183625
3188312 3183625
3188312 3183626
3188317 3183625
3188319 3183627
3188320 3183627
3188323 3183627
3188326 3183628
3188328 3183628
3188331 3183628
3188332 3183631
3188334 3183630
3188339 3183630
3188340 3183631
# burst 40
3188341 3183631
3188345 3183633
3188348 3183633
3188352 3183634
3188353 3183635
3188355 3183634
3188360 3183637
3188362 3183637
3188364 3183638
3188368 3183639
3188370 3183640
3188372 3183641
3188376 3183640
3188377 3183642
3188382 3183642
3188383 3183643
3188386 3183644
3188390 3183645
3188392 3183647
3188397 3183648
3188399 3183647
3188403 3183649
3188405 3183649
3188408 3183651
3188413 3183652
3188415 3183653
3188418 3183654
3188421 3183655
3188423 3183655
3188429 3183659
3188430 3183658
3188433 3183660
3188435 3183661
3188439 3183661
3188442 3183661
3188445 3183663
3188449 3183664
3188450 3183665
3188454 3183667
3188457 3183668
# burst 20
3188461 3183669
3188464 3183670
3188466 3183671
3188471 3183673
3188474 3183672
3188476 3183673
3188480 3183677
3188482 3183677
3188482 3183678
3188482 3183678
3188479 3183676
3188470 3183674
3188459 3183671
3188444 3183666
3188424 3183658
3188403 3183653
3188383 3183646
3188364 3183640
3188347 3183635
3188333 3183630
# burst 40
3188322 3183627
3188313 3183625
3188305 3183623
3188298 3183621
3188291 3183618
3188286 3183618
3188280 3183616
3188275 3183614
3188272 3183614
3188268 3183614
3188267 3183611
3188262 3183609
3188259 3183609
3188254 3183608
3188253 3183605
3188252 3183605
3188250 3183605
3188249 3183603
3188248 3183602
3188249 3183602
3188249 3183602
3188249 3183601
3188249 3183601
3188253 3183602
3188250 3183602
3188250 3183598
3188250 3183599
3188249 3183598
3188246 3183597
3188248 3183596
3188246 3183597
3188244 3183595
3188243 3183595
3188243 3183594
3188244 3183594
3188241 3183593
3188241 3183593
3188244 3183593
3188243 3183592
3188244 3183594
# burst 40
3188245 3183591
3188246 3183592
3188249 3183593
3188248 3183592
3188250 3183590
3188252 3183592
3188254 3183591
3188256 3183590
3188257 3183592
3188259 3183592
3188264 3183591
3188264 3183593
3188266 3183594
3188269 3183594
3188272 3183593
3188275 3183594
3188277 3183594
3188281 3183594
3188284 3183596
3188287 3183598
3188289 3183597
3188291 3183598
3188293 3183598
3188295 3183597
3188299 3183600
3188303 3183599
3188304 3183601
3188306 3183601
3188309 3183601
3188311 3183604
3188315 3183605
3188316 3183604
3188320 3183605
3188321 3183605
3188325 3183607
3188327 3183607
3188330 3183607
3188332 3183607
3188335 3183608
3188339 3183612
# burst 20
3188343 3183610
3188344 3183611
3188347 3183612
3188350 3183614
3188353 3183614
3188356 3183616
3188358 3183615
3188362 3183616
3188365 3183618
3188367 3183617
3188371 3183618
3188373 3183620
3188378 3183621
3188378 3183622
3188382 3183624
3188385 3183622
3188388 3183624
3188391 3183625
3188396 3183628
3188398 3183629
# burst 40
3188404 3183629
3188407 3183630
3188409 3183632
3188413 3183632
3188415 3183632
3188417 3183634
3188421 3183635
3188426 3183636
3188427 3183636
3188431 3183639
3188433 3183640
3188436 3183640
3188439 3183642
3188442 3183642
3188445 3183642
3188448 3183645
3188452 3183645
3188456 3183647
3188457 3183646
3188459 3183648
3188463 3183651
3188465 3183650
3188469 3183650
3188471 3183651
3188476 3183655
3188478 3183654
3188480 3183656
3188485 3183657
3188487 3183657
3188488 3183659
3188490 3183659
3188489 3183660
3188487 3183659
3188480 3183658
3188470 3183655
3188459 3183650
3188439 3183645
3188419 3183638
3188400 3183631
3188382 3183625
# burst 40
3188363 3183620
3188346 3183615
3188334 3183612
3188322 3183609
3188314 3183606
3188307 3183606
3188299 3183602
3188294 3183602
3188290 3183601
3188285 3183600
3188281 3183598
3188277 3183597
3188277 3183597
3188273 3183595
3188271 3183598
3188268 3183596
3188267 3183594
3188267 3183594
3188264 3183593
3188265 3183592
3188265 3183593
3188267 3183594
3188266 3183594
3188267 3183593
3188269 3183595
3188270 3183594
3188270 3183594
3188269 3183595
3188270 3183596
3188268 3183594
3188268 3183596
3188265 3183592
3188267 3183593
3188265 3183593
3188264 3183593
3188265 3183592
3188264 3183592
3188265 3183591
3188266 3183590
3188264 3183592
# burst 20
3188265 3183591
3188265 3183591
3188269 3183593
3188268 3183591
3188269 3183591
3188273 3183592
3188274 3183593
3188275 3183595
3188278 3183594
3188280 3183595
3188281 3183594
3188285 3183595
3188286 3183597
3188289 3183597
3188291 3183597
3188295 3183598
3188296 3183599
3188300 3183600
3188302 3183600
3188305 3183603
# burst 40
3188310 3183604
3188311 3183604
3188314 3183604
3188317 3183606
3188320 3183606
3188323 3183605
3188325 3183607
3188328 3183610
3188331 3183609
3188332 3183610
3188338 3183610
3188339 3183610
3188339 3183613
3188343 3183612
3188348 3183612
3188348 3183615
3188351 3183615
3188353 3183616
3188355 3183618
3188360 3183620
3188360 3183617
3188364 3183618
3188365 3183620
3188369 3183621
3188372 3183621
3188375 3183623
3188379 3183623
3188381 3183625
3188386 3183627
3188386 3183626
3188390 3183626
3188393 3183628
3188396 3183628
3188397 3183630
3188401 3183630
3188405 3183633
3188407 3183633
3188411 3183635
3188414 3183636
3188416 3183637
# burst 40
3188421 3183638
3188424 3183641
3188426 3183640
3188429 3183641
3188432 3183643
3188438 3183644
3188440 3183647
3188443 3183645
3188445 3183648
3188449 3183649
3188451 3183650
3188453 3183651
3188457 3183652
3188459 3183652
3188462 3183653
3188464 3183653
3188469 3183656
3188471 3183657
3188474 3183657
3188476 3183657
3188481 3183659
3188484 3183660
3188487 3183661
3188489 3183662
3188493 3183665
3188497 3183666
3188498 3183665
3188502 3183666
3188504 3183667
3188508 3183668
3188512 3183669
3188514 3183669
3188515 3183673
3188513 3183672
3188513 3183671
3188508 3183670
3188502 3183667
3188491 3183664
3188476 3183660
3188459 3183655
# burst 20
3188439 3183646
3188421 3183639
3188405 3183634
3188388 3183631
3188374 3183625
3188361 3183623
3188353 3183620
3188345 3183618
3188338 3183616
3188331 3183616
3188329 3183613
3188325 3183614
3188322 3183613
3188318 3183613
3188315 3183610
3188314 3183612
3188312 3183611
3188309 3183610
3188308 3183611
3188309 3183611
# burst 40
3188307 3183611
3188308 3183610
3188308 3183610
3188310 3183612
3188312 3183614
3188314 3183614
3188313 3183614
3188315 3183614
3188314 3183613
3188316 3183614
3188313 3183615
3188314 3183614
3188312 3183615
3188312 3183614
3188313 3183613
3188309 3183613
3188310 3183614
3188310 3183613
3188309 3183613
3188308 3183612
3188307 3183613
3188308 3183611
3188310 3183613
3188310 3183614
3188311 3183612
3188312 3183613
3188312 3183614
3188315 3183614
3188316 3183614
3188317 3183615
3188321 3183614
3188322 3183618
3188324 3183616
3188329 3183617
3188328 3183618
3188332 3183619
3188335 3183619
3188336 3183620
3188338 3183621
3188341 3183621
# burst 40
3188342 3183621
3188345 3183623
3188347 3183623
3188351 3183624
3188353 3183624
3188357 3183627
3188358 3183625
3188359 3183627
3188360 3183628
3188365 3183628
3188367 3183630
3188368 3183629
3188371 3183630
3188374 3183632
3188376 3183631
3188377 3183632
3188382 3183633
3188383 3183635
3188387 3183634
3188385 3183634
3188391 3183635
3188392 3183635
3188392 3183638
3188396 3183638
3188396 3183638
3188399 3183639
3188403 3183638
3188405 3183641
3188407 3183642
3188409 3183642
3188412 3183643
3188413 3183644
3188418 3183644
3188420 3183645
3188420 3183646
3188424 3183646
3188427 3183648
3188430 3183650
3188434 3183650
3188435 3183650
# burst 20
3188437 3183652
3188440 3183653
3188442 3183652
3188445 3183655
3188448 3183656
3188448 3183654
3188453 3183656
3188454 3183657
3188458 3183658
3188459 3183658
3188460 3183659
3188464 3183661
3188468 3183660
3188470 3183662
3188471 3183663
3188476 3183665
3188479 3183665
3188481 3183666
3188485 3183667
3188487 3183668
# burst 40
3188490 3183669
3188490 3183670
3188492 3183670
3188491 3183671
3188489 3183670
3188478 3183664
3188469 3183661
3188453 3183657
3188438 3183649
3188420 3183643
3188402 3183638
3188386 3183632
3188371 3183627
3188361 3183624
3188352 3183619
3188344 3183618
3188336 3183616
3188331 3183615
3188328 3183614
3188325 3183612
3188322 3183612
3188319 3183610
3188320 3183612
3188318 3183611
3188317 3183609
3188316 3183609
3188315 3183608
3188316 3183609
3188318 3183609
3188319 3183610
3188320 3183610
3188323 3183609
3188323 3183609
3188323 3183611
3188325 3183610
3188324 3183610
3188326 3183610
3188325 3183610
3188324 3183611
3188322 3183610
# burst 40
3188322 3183609
3188321 3183607
3188321 3183609
3188320 3183608
3188318 3183607
3188318 3183608
3188317 3183607
3188318 3183606
3188316 3183605
3188318 3183606
3188318 3183606
3188319 3183607
3188319 3183608
3188321 3183606
3188322 3183607
3188323 3183607
3188325 3183607
3188327 3183607
3188328 3183608
3188330 3183609
3188333 3183610
3188336 3183609
3188335 3183610
3188340 3183611
3188342 3183611
3188344 3183611
3188347 3183611
3188349 3183613
3188353 3183613
3188355 3183615
3188357 3183615
3188360 3183616
3188363 3183618
3188365 3183619
3188367 3183619
3188372 3183621
3188372 3183621
3188376 3183623
3188377 3183622
3188381 3183622
# burst 20
3188383 3183622
3188387 3183625
3188389 3183626
3188393 3183626
3188393 3183626
3188395 3183627
3188399 3183628
3188401 3183629
3188404 3183630
3188407 3183632
3188408 3183631
3188410 3183631
3188413 3183632
3188414 3183633
3188416 3183632
3188419 3183634
3188422 3183635
3188425 3183636
3188427 3183636
3188430 3183638
# burst 40
3188432 3183639
3188437 3183642
3188440 3183640
3188443 3183642
3188445 3183643
3188448 3183644
3188450 3183644
3188454 3183646
3188458 3183647
3188457 3183649
3188458 3183648
3188455 3183649
3188452 3183647
3188445 3183645
3188435 3183641
3188419 3183634
3188400 3183629
3188384 3183623
3188367 3183618
3188356 3183614
3188342 3183611
3188330 3183606
3188322 3183604
3188316 3183603
3188309 3183601
3188305 3183601
3188300 3183599
3188298 3183600
3188294 3183597
3188294 3183596
3188291 3183596
3188290 3183596
3188287 3183595
3188287 3183594
3188286 3183594
3188285 3183594
3188286 3183595
3188285 3183593
3188288 3183595
3188286 3183594
# burst 40
3188290 3183595
3188291 3183596
3188292 3183597
3188292 3183596
3188294 3183598
3188296 3183596
3188293 3183596
3188295 3183595
3188294 3183596
3188294 3183595
3188293 3183595
3188291 3183595
3188291 3183596
3188291 3183595
3188291 3183596
3188292 3183595
3188292 3183595
3188292 3183595
3188293 3183594
3188293 3183593
3188294 3183595
3188295 3183595
3188297 3183595
3188299 3183597
3188300 3183596
3188302 3183598
3188303 3183598
3188308 3183599
3188311 3183601
3188313 3183600
3188315 3183599
3188318 3183601
3188321 3183602
3188324 3183604
3188327 3183605
3188329 3183603
3188332 3183604
3188334 3183605
3188338 3183608
3188341 3183609
# burst 20
3188345 3183609
3188346 3183610
3188350 3183612
3188355 3183612
3188357 3183613
3188359 3183614
3188361 3183616
3188364 3183617
3188368 3183618
3188370 3183619
3188371 3183619
3188374 3183618
3188376 3183622
3188379 3183622
3188384 3183623
3188386 3183623
3188388 3183624
3188390 3183623
3188393 3183626
3188396 3183627
# burst 40
3188400 3183627
3188403 3183629
3188407 3183630
3188409 3183632
3188410 3183631
3188414 3183634
3188417 3183635
3188420 3183637
3188424 3183637
3188425 3183638
3188430 3183639
3188433 3183639
3188435 3183641
3188437 3183642
3188441 3183642
3188445 3183645
3188446 3183646
3188451 3183645
3188452 3183646
3188454 3183648
3188459 3183648
3188462 3183649
3188467 3183651
3188468 3183652
3188471 3183654
3188476 3183655
3188479 3183657
3188483 3183658
3188485 3183658
3188488 3183659
3188489 3183659
3188490 3183661
3188490 3183662
3188484 3183660
3188477 3183657
3188466 3183654
3188451 3183648
3188432 3183639
3188411 3183632
3188389 3183623
# burst 40
3188371 3183619
3188353 3183612
3188340 3183609
3188328 3183604
3188318 3183601
3188308 3183598
3188302 3183598
3188298 3183595
3188294 3183596
3188288 3183593
3188284 3183592
3188279 3183591
3188276 3183590
3188271 3183588
3188269 3183587
3188265 3183586
3188263 3183584
3188260 3183583
3188258 3183584
3188257 3183582
3188256 3183583
3188257 3183583
3188258 3183583
3188258 3183582
3188259 3183583
3188258 3183583
3188262 3183584
3188260 3183584
3188260 3183581
3188260 3183583
3188258 3183583
3188259 3183582
3188260 3183582
3188258 3183581
3188259 3183579
3188257 3183578
3188256 3183578
3188256 3183578
3188256 3183577
3188256 3183578
# burst 20
3188256 3183579
3188256 3183577
3188256 3183577
3188258 3183578
3188260 3183577
3188261 3183578
3188261 3183577
3188265 3183577
3188266 3183578
3188268 3183578
3188268 3183579
3188272 3183579
3188274 3183580
3188277 3183580
3188279 3183580
3188283 3183582
3188285 3183582
3188287 3183583
3188291 3183583
3188291 3183584
# burst 40
3188297 3183586
3188298 3183585
3188300 3183586
3188304 3183586
3188306 3183587
3188307 3183588
3188312 3183589
3188315 3183590
3188317 3183590
3188320 3183592
3188323 3183593
3188324 3183592
3188328 3183594
3188331 3183595
3188332 3183595
3188334 3183595
3188338 3183598
3188342 3183599
3188343 3183598
3188346 3183600
3188348 3183601
3188351 3183601
3188354 3183602
3188357 3183602
3188359 3183604
3188362 3183605
3188366 3183606
3188368 3183607
3188373 3183608
3188375 3183610
3188377 3183611
3188382 3183611
3188384 3183613
3188386 3183614
3188390 3183614
3188394 3183616
3188397 3183615
3188400 3183619
3188403 3183620
3188408 3183620
# burst 40
3188409 3183624
3188414 3183623
3188415 3183626
3188420 3183625
3188423 3183628
3188427 3183626
3188431 3183630
3188433 3183630
3188435 3183629
3188442 3183631
3188444 3183633
3188447 3183636
3188449 3183637
3188453 3183636
3188457 3183638
3188458 3183638
3188463 3183640
3188466 3183640
3188469 3183642
3188472 3183642
3188474 3183643
3188478 3183646
3188479 3183647
3188484 3183647
3188486 3183648
3188490 3183650
3188493 3183651
3188496 3183652
3188498 3183653
3188501 3183652
3188505 3183655
3188509 3183656
3188510 3183658
3188512 3183658
3188512 3183658
3188511 3183659
3188507 3183658
3188501 3183654
3188491 3183651
3188476 3183646
# burst 20
3188458 3183637
3188434 3183630
3188414 3183621
3188396 3183615
3188377 3183608
3188363 3183604
3188347 3183599
3188335 3183596
3188326 3183593
3188319 3183590
3188312 3183587
3188306 3183585
3188300 3183584
3188296 3183583
3188294 3183583
3188287 3183581
3188286 3183580
3188282 3183580
3188281 3183577
3188279 3183575
# burst 40
3188277 3183577
3188274 3183575
3188275 3183576
3188274 3183577
3188276 3183575
3188275 3183576
3188276 3183576
3188277 3183576
3188278 3183577
3188276 3183577
3188275 3183576
3188276 3183576
3188274 3183575
3188274 3183576
3188272 3183575
3188272 3183574
3188272 3183575
3188270 3183574
3188270 3183572
3188268 3183573
3188269 3183570
3188267 3183571
3188267 3183571
3188268 3183571
3188269 3183571
3188268 3183572
3188268 3183571
3188272 3183572
3188271 3183570
3188273 3183572
3188275 3183572
3188277 3183572
3188278 3183573
3188280 3183572
3188284 3183574
3188285 3183576
3188287 3183575
3188290 3183576
3188293 3183576
3188293 3183578
# burst 40
3188297 3183577
3188301 3183580
3188303 3183579
3188305 3183579
3188308 3183580
3188311 3183582
3188314 3183582
3188315 3183582
3188318 3183585
3188320 3183585
3188323 3183586
3188326 3183587
3188327 3183587
3188330 3183587
3188333 3183589
3188334 3183588
3188335 3183589
3188340 3183590
3188341 3183591
3188343 3183590
3188345 3183592
3188347 3183592
3188348 3183593
3188352 3183594
3188354 3183596
3188356 3183598
3188359 3183598
3188361 3183599
3188364 3183601
3188366 3183601
3188370 3183600
3188372 3183602
3188375 3183603
3188379 3183604
3188381 3183604
3188382 3183606
3188385 3183607
3188389 3183609
3188391 3183609
3188393 3183610
# burst 20
3188396 3183611
3188400 3183612
3188402 3183613
3188404 3183613
3188406 3183615
3188411 3183616
3188412 3183618
3188415 3183617
3188417 3183619
3188421 3183620
3188423 3183623
3188426 3183623
3188428 3183622
3188433 3183625
3188436 3183625
3188438 3183627
3188441 3183627
3188444 3183630
3188449 3183630
3188450 3183631
# burst 40
3188451 3183632
3188454 3183634
3188454 3183633
3188451 3183632
3188444 3183630
3188436 3183625
3188419 3183620
3188403 3183614
3188385 3183606
3188367 3183601
3188352 3183594
3188336 3183590
3188323 3183585
3188313 3183583
3188305 3183581
3188298 3183577
3188293 3183575
3188288 3183575
3188286 3183574
3188283 3183573
3188280 3183572
3188280 3183574
3188279 3183572
3188277 3183571
3188276 3183571
3188278 3183571
3188275 3183570
3188276 3183570
3188277 3183569
3188278 3183571
3188278 3183571
3188282 3183572
3188284 3183571
3188283 3183571
3188286 3183572
3188285 3183572
3188286 3183572
3188287 3183570
3188285 3183571
3188285 3183571
# burst 40
3188283 3183572
3188283 3183572
3188285 3183571
3188283 3183572
3188281 3183570
3188283 3183570
3188283 3183569
3188283 3183569
3188283 3183569
3188282 3183569
3188284 3183569
3188285 3183571
3188286 3183569
3188287 3183571
3188288 3183571
3188290 3183572
3188292 3183570
3188294 3183571
3188294 3183571
3188298 3183573
3188302 3183574
3188305 3183574
3188305 3183575
3188309 3183576
3188311 3183576
3188314 3183577
3188317 3183578
3188321 3183580
3188323 3183579
3188327 3183582
3188329 3183582
3188332 3183582
3188334 3183584
3188336 3183585
3188342 3183586
3188343 3183586
3188346 3183586
3188350 3183589
3188351 3183590
3188354 3183592
# burst 20
3188356 3183592
3188361 3183594
3188364 3183593
3188365 3183594
3188367 3183595
3188368 3183595
3188374 3183597
3188373 3183597
3188377 3183598
3188381 3183599
3188384 3183602
3188384 3183601
3188387 3183601
3188390 3183603
3188392 3183604
3188395 3183604
3188399 3183606
3188402 3183607
3188407 3183607
3188407 3183609
