# burst 40
3210581 3472740
3341659 3472621
3341660 3472622
3341661 3472622
3341661 3472621
3341661 3472621
3341661 3472620
3341662 3472620
3341660 3472622
3341661 3472621
3341661 3472620
3341661 3472620
3341660 3472620
3341661 3472621
3341660 3472622
3341661 3472620
3341661 3472621
3341661 3472620
3341660 3472621
3341661 3472621
3341662 3472621
3341660 3472621
3341661 3472621
3341661 3472620
3341660 3472620
3341660 3472620
3341660 3472620
3341660 3472620
3341660 3472620
3341660 3472620
3341661 3472620
3341659 3472619
3341661 3472620
3341660 3472619
3341660 3472619
3341661 3472620
3341660 3472620
3341660 3472620
3341660 3472619
3341660 3472619
# burst 40
3341661 3472621
3341659 3472620
3341660 3472620
3341662 3472620
3341661 3472619
3341659 3472619
3341660 3472619
3341660 3472619
3341659 3472619
3341659 3472619
3341660 3472619
3341659 3472619
3341660 3472620
3341659 3472619
3341661 3472620
3341659 3472619
3341658 3472619
3341661 3472619
3341659 3472619
3341660 3472619
3341660 3472619
3341660 3472619
3341660 3472620
3341659 3472619
3341660 3472620
3341660 3472619
3341659 3472618
3341660 3472619
3341660 3472619
3341658 3472619
3341659 3472618
3341659 3472618
3341660 3472620
3341660 3472619
3341659 3472619
3341659 3472618
3341659 3472619
3341660 3472620
3341660 3472618
3341660 3472618
# burst 20
3341660 3472619
3341659 3472619
3341659 3472619
3341658 3472618
3341660 3472618
3341659 3472619
3341659 3472619
3341658 3472618
3341660 3472618
3341660 3472619
3341659 3472619
3341660 3472618
3341659 3472619
3341659 3472619
3341660 3472619
3341659 3472619
3341659 3472619
3341659 3472619
3341660 3472618
3341659 3472619
# burst 40
3341658 3472618
3175524 3173246
3175524 3173248
3175524 3173247
3175523 3173247
3175526 3173248
3175525 3173250
3175527 3173248
3175530 3173250
3175529 3173250
3175531 3173251
3175534 3173253
3175535 3173254
3175537 3173254
3175537 3173254
3175539 3173257
3175538 3173257
3175541 3173257
3175541 3173261
3175541 3173259
3175539 3173257
3175538 3173258
3175537 3173258
3175536 3173258
3175534 3173258
3175534 3173257
3175533 3173257
3175533 3173257
3175532 3173255
3175533 3173255
3175532 3173256
3175534 3173257
3175534 3173258
3175535 3173257
3175537 3173258
3175538 3173259
3175539 3173259
3175542 3173260
3175544 3173263
3175547 3173265
# burst 40
3175550 3173266
3175555 3173268
3175558 3173271
3175562 3173274
3175567 3173277
3175571 3173279
3175575 3173282
3175581 3173286
3175586 3173289
3175590 3173295
3175596 3173300
3175600 3173303
3175608 3173307
3175611 3173310
3175616 3173316
3175622 3173322
3175628 3173327
3175635 3173331
3175641 3173336
3175646 3173342
3175654 3173346
3175659 3173351
3175666 3173357
3175674 3173362
3175678 3173367
3175685 3173373
3175690 3173379
3175698 3173383
3175705 3173388
3175712 3173394
3175717 3173401
3175724 3173406
3175731 3173410
3175737 3173415
3175743 3173421
3175750 3173425
3175755 3173432
3175760 3173435
3175764 3173439
3175764 3173440
# burst 20
3175763 3173443
3175760 3173442
3175753 3173440
3175746 3173439
3175738 3173438
3175730 3173433
3175723 3173433
3175716 3173432
3175710 3173429
3175704 3173428
3175699 3173428
3175696 3173426
3175692 3173425
3175688 3173425
3175685 3173424
3175680 3173424
3175678 3173421
3175676 3173421
3175672 3173420
3175672 3173420
# burst 40
3175671 3173418
3176623 3174224
3176623 3174225
3176622 3174225
3176623 3174227
3176622 3174227
3176626 3174229
3176628 3174229
3176628 3174231
3176631 3174234
3176635 3174236
3176638 3174236
3176639 3174239
3176641 3174239
3176645 3174240
3176645 3174242
3176644 3174241
3176645 3174242
3176647 3174244
3176648 3174245
3176648 3174245
3176650 3174247
3176651 3174245
3176652 3174247
3176653 3174248
3176654 3174249
3176653 3174248
3176657 3174249
3176660 3174252
3176662 3174252
3176664 3174253
3176668 3174253
3176669 3174256
3176671 3174258
3176675 3174258
3176678 3174262
3176681 3174264
3176683 3174263
3176687 3174265
3176691 3174267
# burst 40
3176694 3174269
3176695 3174272
3176701 3174274
3176702 3174275
3176706 3174276
3176708 3174279
3176711 3174282
3176712 3174282
3176714 3174284
3176718 3174285
3176718 3174288
3176721 3174288
3176723 3174291
3176725 3174291
3176728 3174293
3176729 3174293
3176729 3174295
3176731 3174296
3176732 3174296
3176735 3174298
3176736 3174298
3176739 3174301
3176740 3174300
3176744 3174303
3176744 3174304
3176748 3174305
3176751 3174307
3176754 3174309
3176758 3174309
3176762 3174312
3176766 3174313
3176770 3174315
3176773 3174317
3176778 3174321
3176782 3174323
3176787 3174325
3176791 3174327
3176796 3174331
3176799 3174333
3176804 3174336
# burst 20
3176806 3174339
3176811 3174341
3176815 3174344
3176818 3174345
3176821 3174348
3176824 3174349
3176829 3174351
3176832 3174355
3176834 3174356
3176838 3174357
3176841 3174359
3176842 3174362
3176846 3174362
3176849 3174366
3176852 3174367
3176856 3174368
3176855 3174370
3176857 3174370
3176856 3174367
3176850 3174365
# burst 40
3176843 3174362
3177693 3175070
3177680 3175064
3177668 3175057
3177655 3175052
3177644 3175046
3177634 3175040
3177625 3175034
3177618 3175031
3177609 3175027
3177604 3175024
3177598 3175021
3177592 3175017
3177589 3175017
3177587 3175016
3177584 3175013
3177581 3175011
3177578 3175010
3177574 3175007
3177572 3175008
3177569 3175005
3177567 3175005
3177565 3175003
3177563 3175003
3177563 3175002
3177563 3175003
3177564 3175002
3177564 3175003
3177565 3175001
3177565 3175002
3177567 3175003
3177566 3175004
3177568 3175004
3177566 3175002
3177567 3175003
3177568 3175002
3177568 3175003
3177567 3175003
3177568 3175002
3177569 3175003
# burst 40
3177568 3175004
3177567 3175004
3177569 3175003
3177569 3175004
3177569 3175003
3177569 3175004
3177571 3175004
3177572 3175004
3177574 3175006
3177576 3175008
3177578 3175009
3177580 3175009
3177581 3175009
3177583 3175011
3177587 3175013
3177587 3175013
3177588 3175015
3177591 3175015
3177593 3175015
3177594 3175018
3177596 3175018
3177600 3175020
3177600 3175021
3177604 3175022
3177606 3175023
3177609 3175025
3177612 3175024
3177612 3175026
3177614 3175026
3177615 3175027
3177618 3175029
3177619 3175029
3177622 3175030
3177624 3175032
3177625 3175032
3177626 3175034
3177630 3175034
3177630 3175035
3177634 3175036
3177635 3175036
# burst 20
3177636 3175038
3177639 3175039
3177641 3175040
3177644 3175041
3177646 3175042
3177647 3175044
3177649 3175044
3177651 3175045
3177654 3175046
3177657 3175048
3177657 3175048
3177659 3175050
3177660 3175051
3177663 3175050
3177664 3175053
3177667 3175055
3177668 3175053
3177668 3175054
3177670 3175056
3177671 3175056
# burst 40
3177671 3175055
3178640 3175872
3178637 3175870
3178632 3175866
3178623 3175862
3178614 3175856
3178605 3175852
3178597 3175847
3178587 3175839
3178578 3175835
3178569 3175831
3178562 3175826
3178557 3175822
3178550 3175820
3178547 3175816
3178542 3175815
3178536 3175811
3178533 3175809
3178528 3175806
3178527 3175804
3178523 3175801
3178519 3175800
3178517 3175798
3178513 3175796
3178510 3175794
3178509 3175793
3178507 3175790
3178508 3175790
3178510 3175789
3178507 3175789
3178510 3175790
3178511 3175790
3178512 3175790
3178511 3175790
3178514 3175791
3178515 3175791
3178517 3175790
3178516 3175790
3178514 3175788
3178516 3175790
# burst 40
3178516 3175791
3178517 3175790
3178515 3175790
3178516 3175789
3178516 3175790
3178515 3175790
3178514 3175789
3178513 3175790
3178512 3175790
3178513 3175790
3178514 3175791
3178514 3175790
3178514 3175791
3178517 3175791
3178518 3175792
3178519 3175792
3178519 3175791
3178522 3175793
3178524 3175794
3178525 3175794
3178529 3175794
3178530 3175796
3178532 3175797
3178535 3175798
3178537 3175798
3178539 3175800
3178540 3175801
3178543 3175801
3178545 3175803
3178547 3175804
3178549 3175804
3178551 3175806
3178553 3175808
3178554 3175808
3178555 3175808
3178556 3175809
3178558 3175809
3178561 3175811
3178561 3175810
3178562 3175811
# burst 20
3178563 3175812
3178566 3175811
3178567 3175811
3178567 3175813
3178568 3175812
3178568 3175812
3178570 3175812
3178571 3175813
3178574 3175815
3178573 3175815
3178577 3175815
3178577 3175815
3178578 3175816
3178580 3175816
3178581 3175818
3178585 3175818
3178585 3175818
3178586 3175819
3178588 3175820
3178588 3175820
# burst 40
3178592 3175822
3179501 3176591
3179503 3176591
3179503 3176593
3179506 3176592
3179505 3176592
3179505 3176591
3179503 3176588
3179499 3176586
3179493 3176582
3179487 3176577
3179479 3176573
3179471 3176568
3179462 3176560
3179453 3176554
3179441 3176549
3179433 3176541
3179424 3176536
3179414 3176531
3179406 3176525
3179401 3176522
3179393 3176517
3179387 3176515
3179383 3176511
3179376 3176508
3179372 3176505
3179369 3176501
3179364 3176499
3179359 3176495
3179357 3176493
3179354 3176491
3179352 3176489
3179349 3176488
3179350 3176486
3179348 3176486
3179348 3176485
3179348 3176484
3179350 3176485
3179350 3176484
3179350 3176485
# burst 40
3179351 3176484
3179352 3176484
3179353 3176485
3179353 3176483
3179353 3176485
3179353 3176484
3179354 3176485
3179352 3176485
3179351 3176483
3179351 3176484
3179350 3176483
3179350 3176482
3179349 3176482
3179349 3176482
3179350 3176483
3179351 3176484
3179351 3176484
3179353 3176485
3179353 3176483
3179353 3176484
3179355 3176486
3179357 3176487
3179358 3176488
3179360 3176488
3179362 3176490
3179364 3176493
3179367 3176492
3179369 3176495
3179371 3176495
3179374 3176497
3179378 3176499
3179379 3176500
3179384 3176502
3179387 3176504
3179389 3176504
3179392 3176507
3179396 3176508
3179400 3176511
3179403 3176513
3179409 3176514
# burst 20
3179411 3176517
3179415 3176518
3179417 3176521
3179420 3176522
3179421 3176523
3179425 3176526
3179429 3176527
3179430 3176529
3179431 3176529
3179434 3176530
3179435 3176531
3179437 3176532
3179439 3176532
3179441 3176533
3179442 3176535
3179446 3176536
3179449 3176537
3179450 3176540
3179452 3176540
3179454 3176540
# burst 40
3179457 3176542
3180426 3177354
3180428 3177353
3180431 3177355
3180431 3177355
3180433 3177355
3180435 3177357
3180436 3177357
3180437 3177358
3180439 3177357
3180441 3177359
3180441 3177358
3180444 3177358
3180447 3177359
3180446 3177360
3180449 3177360
3180451 3177361
3180451 3177361
3180455 3177362
3180457 3177360
3180457 3177361
3180460 3177362
3180463 3177363
3180465 3177363
3180465 3177363
3180465 3177364
3180463 3177362
3180461 3177361
3180456 3177356
3180446 3177353
3180439 3177348
3180428 3177342
3180417 3177337
3180407 3177330
3180398 3177325
3180388 3177319
3180379 3177314
3180372 3177308
3180365 3177306
3180358 3177301
# burst 40
3180352 3177296
3180348 3177294
3180343 3177291
3180340 3177288
3180337 3177287
3180331 3177284
3180331 3177283
3180329 3177280
3180324 3177278
3180322 3177276
3180321 3177275
3180321 3177275
3180318 3177274
3180318 3177274
3180318 3177272
3180320 3177271
3180316 3177271
3180316 3177271
3180316 3177269
3180316 3177269
3180316 3177268
3180314 3177270
3180313 3177267
3180314 3177266
3180311 3177265
3180310 3177263
3180309 3177262
3180305 3177260
3180304 3177259
3180302 3177259
3180301 3177258
3180300 3177256
3180300 3177256
3180299 3177255
3180298 3177255
3180297 3177254
3180298 3177254
3180300 3177254
3180298 3177254
3180300 3177254
# burst 20
3180301 3177255
3180300 3177256
3180301 3177255
3180302 3177254
3180303 3177256
3180304 3177256
3180302 3177257
3180305 3177255
3180304 3177257
3180306 3177257
3180307 3177257
3180308 3177258
3180309 3177258
3180311 3177260
3180311 3177258
3180312 3177261
3180314 3177261
3180314 3177261
3180314 3177262
3180316 3177263
# burst 40
3180317 3177264
3181159 3177964
3181159 3177965
3181159 3177965
3181160 3177967
3181161 3177967
3181164 3177967
3181166 3177969
3181168 3177969
3181170 3177972
3181170 3177970
3181171 3177972
3181176 3177975
3181178 3177976
3181179 3177976
3181180 3177977
3181180 3177978
3181182 3177980
3181184 3177980
3181186 3177980
3181186 3177983
3181188 3177983
3181190 3177982
3181191 3177983
3181193 3177985
3181196 3177986
3181198 3177989
3181201 3177990
3181203 3177992
3181205 3177993
3181208 3177995
3181211 3177996
3181214 3177997
3181216 3178000
3181216 3178001
3181217 3178000
3181214 3177998
3181212 3177998
3181207 3177997
3181200 3177992
# burst 40
3181195 3177989
3181186 3177985
3181178 3177980
3181172 3177977
3181167 3177975
3181162 3177970
3181155 3177968
3181152 3177964
3181150 3177963
3181148 3177960
3181146 3177961
3181144 3177959
3181143 3177959
3181141 3177957
3181142 3177956
3181140 3177956
3181140 3177957
3181140 3177957
3181143 3177956
3181145 3177958
3181148 3177959
3181150 3177961
3181152 3177961
3181151 3177962
3181156 3177963
3181156 3177965
3181157 3177963
3181160 3177965
3181158 3177964
3181159 3177965
3181157 3177965
3181157 3177965
3181158 3177964
3181155 3177965
3181155 3177963
3181154 3177962
3181154 3177964
3181154 3177961
3181153 3177962
3181154 3177963
# burst 20
3181155 3177965
3181158 3177965
3181158 3177966
3181161 3177966
3181162 3177966
3181166 3177968
3181166 3177969
3181169 3177972
3181173 3177974
3181175 3177974
3181177 3177974
3181182 3177978
3181184 3177980
3181187 3177983
3181192 3177985
3181195 3177987
3181198 3177991
3181202 3177994
3181208 3177995
3181211 3178000
# burst 40
3181216 3178003
3182192 3178818
3182194 3178823
3182201 3178827
3182207 3178829
3182211 3178833
3182215 3178836
3182217 3178840
3182224 3178841
3182228 3178844
3182229 3178846
3182233 3178850
3182236 3178852
3182240 3178854
3182242 3178855
3182245 3178857
3182251 3178860
3182255 3178861
3182258 3178864
3182262 3178865
3182264 3178866
3182269 3178868
3182274 3178870
3182279 3178874
3182282 3178875
3182285 3178878
3182289 3178878
3182291 3178879
3182292 3178880
3182292 3178881
3182287 3178878
3182282 3178875
3182273 3178871
3182263 3178867
3182254 3178863
3182245 3178858
3182236 3178852
3182227 3178848
3182220 3178844
3182212 3178841
# burst 40
3182207 3178836
3182201 3178833
3182196 3178831
3182193 3178828
3182190 3178827
3182184 3178824
3182183 3178823
3182180 3178822
3182177 3178820
3182173 3178818
3182173 3178815
3182171 3178815
3182171 3178813
3182169 3178812
3182168 3178813
3182170 3178812
3182170 3178813
3182171 3178811
3182172 3178812
3182173 3178812
3182174 3178813
3182175 3178812
3182176 3178812
3182175 3178814
3182177 3178814
3182178 3178813
3182176 3178812
3182177 3178813
3182175 3178813
3182175 3178813
3182176 3178812
3182173 3178811
3182173 3178811
3182172 3178811
3182173 3178811
3182172 3178812
3182173 3178810
3182174 3178810
3182175 3178811
3182176 3178811
# burst 20
3182179 3178814
3182180 3178814
3182182 3178814
3182183 3178815
3182186 3178816
3182188 3178817
3182190 3178818
3182190 3178819
3182193 3178819
3182195 3178821
3182197 3178822
3182198 3178823
3182203 3178824
3182204 3178827
3182206 3178827
3182207 3178827
3182208 3178827
3182211 3178831
3182212 3178830
3182215 3178833
# burst 40
3182218 3178833
3183134 3179601
3183135 3179603
3183138 3179604
3183141 3179603
3183144 3179605
3183145 3179607
3183146 3179609
3183150 3179608
3183153 3179611
3183154 3179611
3183157 3179613
3183157 3179614
3183160 3179615
3183162 3179616
3183165 3179618
3183167 3179619
3183168 3179619
3183169 3179620
3183173 3179620
3183175 3179622
3183177 3179623
3183179 3179624
3183180 3179623
3183179 3179624
3183180 3179623
3183174 3179620
3183169 3179618
3183163 3179612
3183153 3179608
3183145 3179603
3183137 3179597
3183126 3179590
3183116 3179585
3183109 3179580
3183099 3179575
3183091 3179572
3183086 3179569
3183080 3179564
3183076 3179561
# burst 40
3183070 3179557
3183064 3179555
3183062 3179552
3183059 3179549
3183055 3179548
3183051 3179545
3183049 3179543
3183046 3179542
3183045 3179539
3183044 3179539
3183043 3179539
3183042 3179537
3183042 3179537
3183044 3179536
3183045 3179537
3183044 3179537
3183045 3179537
3183047 3179537
3183047 3179539
3183047 3179537
3183049 3179537
3183048 3179538
3183047 3179535
3183045 3179538
3183044 3179535
3183043 3179534
3183042 3179534
3183041 3179531
3183040 3179531
3183040 3179530
3183039 3179532
3183038 3179529
3183038 3179530
3183040 3179530
3183041 3179530
3183042 3179530
3183044 3179531
3183045 3179531
3183046 3179532
3183047 3179532
# burst 20
3183049 3179532
3183051 3179532
3183052 3179533
3183053 3179535
3183054 3179533
3183057 3179537
3183059 3179538
3183061 3179538
3183062 3179539
3183064 3179540
3183066 3179542
3183067 3179542
3183069 3179543
3183071 3179542
3183074 3179544
3183074 3179545
3183078 3179546
3183079 3179546
3183082 3179547
3183083 3179549
# burst 40
3183086 3179550
3184057 3180357
3184059 3180357
3184062 3180360
3184062 3180361
3184065 3180362
3184068 3180363
3184070 3180365
3184072 3180366
3184073 3180365
3184074 3180366
3184076 3180369
3184080 3180370
3184078 3180371
3184083 3180370
3184084 3180372
3184087 3180373
3184086 3180373
3184091 3180374
3184091 3180376
3184095 3180377
3184094 3180378
3184098 3180379
3184100 3180379
3184100 3180381
3184102 3180381
3184104 3180380
3184107 3180384
3184107 3180385
3184109 3180386
3184111 3180386
3184115 3180386
3184118 3180389
3184119 3180389
3184122 3180390
3184123 3180392
3184128 3180392
3184130 3180394
3184132 3180397
3184134 3180397
# burst 40
3184136 3180396
3184133 3180395
3184127 3180391
3184120 3180388
3184112 3180383
3184101 3180377
3184090 3180371
3184077 3180363
3184068 3180357
3184056 3180349
3184046 3180343
3184037 3180337
3184028 3180331
3184021 3180326
3184015 3180323
3184008 3180319
3184003 3180314
3183997 3180312
3183994 3180309
3183989 3180306
3183987 3180305
3183983 3180301
3183979 3180299
3183976 3180296
3183973 3180293
3183971 3180292
3183970 3180290
3183967 3180290
3183966 3180287
3183966 3180289
3183967 3180289
3183966 3180286
3183967 3180286
3183966 3180285
3183967 3180285
3183968 3180287
3183968 3180286
3183968 3180284
3183966 3180285
3183964 3180282
# burst 20
3183962 3180282
3183961 3180280
3183959 3180281
3183959 3180279
3183959 3180278
3183958 3180278
3183958 3180278
3183956 3180277
3183958 3180277
3183958 3180277
3183959 3180277
3183959 3180277
3183959 3180278
3183959 3180278
3183960 3180278
3183964 3180279
3183964 3180279
3183965 3180280
3183966 3180280
3183967 3180282
# burst 40
3183971 3180282
3184842 3180974
3184843 3180975
3184846 3180977
3184846 3180977
3184849 3180980
3184852 3180980
3184853 3180981
3184855 3180984
3184857 3180984
3184858 3180984
3184860 3180984
3184863 3180986
3184864 3180987
3184867 3180989
3184869 3180990
3184869 3180991
3184871 3180992
3184874 3180993
3184876 3180995
3184879 3180995
3184878 3180996
3184879 3180998
3184884 3181000
3184885 3181000
3184889 3181000
3184892 3181003
3184892 3181004
3184896 3181007
3184898 3181008
3184900 3181008
3184902 3181010
3184904 3181011
3184905 3181012
3184908 3181012
3184910 3181013
3184910 3181014
3184909 3181016
3184909 3181012
3184903 3181011
# burst 40
3184897 3181007
3184889 3181002
3184879 3180996
3184868 3180991
3184858 3180984
3184851 3180979
3184842 3180974
3184834 3180968
3184825 3180964
3184820 3180961
3184814 3180958
3184807 3180954
3184803 3180950
3184801 3180948
3184797 3180946
3184791 3180942
3184785 3180938
3184783 3180938
3184779 3180934
3184775 3180933
3184772 3180930
3184770 3180928
3184768 3180926
3184766 3180926
3184766 3180923
3184764 3180924
3184765 3180924
3184765 3180922
3184766 3180923
3184764 3180921
3184765 3180921
3184764 3180921
3184764 3180921
3184764 3180919
3184764 3180920
3184762 3180918
3184761 3180917
3184762 3180916
3184758 3180915
3184759 3180914
# burst 20
3184758 3180915
3184757 3180914
3184755 3180912
3184755 3180912
3184755 3180911
3184753 3180911
3184754 3180910
3184754 3180911
3184754 3180909
3184752 3180910
3184753 3180909
3184754 3180909
3184756 3180909
3184756 3180908
3184757 3180908
3184758 3180907
3184759 3180907
3184760 3180909
3184762 3180909
3184763 3180908
# burst 40
3184765 3180909
3185742 3181724
3185742 3181725
3185745 3181726
3185746 3181726
3185747 3181728
3185749 3181729
3185749 3181730
3185749 3181729
3185751 3181730
3185751 3181731
3185752 3181730
3185752 3181731
3185756 3181733
3185755 3181732
3185755 3181734
3185756 3181733
3185756 3181734
3185757 3181734
3185760 3181734
3185760 3181735
3185762 3181735
3185762 3181733
3185761 3181734
3185763 3181733
3185764 3181734
3185764 3181732
3185765 3181733
3185767 3181734
3185767 3181735
3185768 3181733
3185768 3181734
3185767 3181734
3185768 3181733
3185770 3181732
3185770 3181732
3185771 3181732
3185774 3181733
3185776 3181734
3185777 3181733
# burst 40
3185780 3181735
3185781 3181734
3185784 3181734
3185786 3181735
3185786 3181735
3185788 3181736
3185787 3181734
3185785 3181731
3185779 3181727
3185769 3181721
3185759 3181716
3185749 3181708
3185737 3181701
3185726 3181693
3185711 3181685
3185699 3181678
3185686 3181670
3185679 3181664
3185667 3181657
3185661 3181652
3185652 3181647
3185644 3181640
3185636 3181637
3185630 3181632
3185623 3181626
3185616 3181622
3185610 3181618
3185606 3181615
3185600 3181609
3185596 3181608
3185592 3181604
3185590 3181601
3185588 3181600
3185586 3181597
3185583 3181598
3185582 3181596
3185582 3181596
3185581 3181594
3185579 3181593
3185578 3181593
# burst 20
3185575 3181592
3185574 3181591
3185572 3181591
3185569 3181588
3185565 3181588
3185565 3181586
3185561 3181585
3185561 3181584
3185560 3181583
3185560 3181583
3185559 3181582
3185561 3181583
3185560 3181582
3185562 3181585
3185564 3181585
3185567 3181586
3185567 3181587
3185571 3181589
3185574 3181591
3185576 3181593
# burst 40
3185580 3181595
3186491 3182355
3186494 3182360
3186496 3182362
3186501 3182367
3186504 3182370
3186507 3182374
3186510 3182376
3186515 3182379
3186515 3182380
3186521 3182384
3186526 3182389
3186530 3182393
3186533 3182395
3186538 3182396
3186543 3182401
3186547 3182403
3186551 3182407
3186554 3182410
3186559 3182412
3186561 3182415
3186564 3182419
3186567 3182420
3186570 3182423
3186572 3182425
3186574 3182427
3186578 3182432
3186581 3182433
3186582 3182435
3186586 3182439
3186589 3182441
3186595 3182445
3186598 3182450
3186604 3182454
3186607 3182458
3186609 3182460
3186610 3182464
3186616 3182466
3186618 3182468
3186617 3182470
# burst 40
3186618 3182472
3186622 3182474
3186622 3182474
3186623 3182475
3186624 3182477
3186626 3182477
3186627 3182478
3186627 3182479
3186631 3182480
3186630 3182480
3186632 3182483
3186634 3182484
3186635 3182486
3186638 3182485
3186639 3182487
3186642 3182488
3186644 3182491
3186647 3182492
3186646 3182492
3186645 3182492
3186643 3182489
3186635 3182486
3186625 3182480
3186615 3182475
3186604 3182467
3186591 3182461
3186581 3182455
3186569 3182448
3186560 3182443
3186552 3182438
3186543 3182434
3186535 3182428
3186527 3182425
3186519 3182419
3186515 3182417
3186510 3182414
3186508 3182412
3186503 3182411
3186500 3182409
3186496 3182407
# burst 20
3186494 3182406
3186492 3182404
3186491 3182405
3186490 3182405
3186489 3182403
3186489 3182404
3186489 3182406
3186492 3182405
3186495 3182408
3186496 3182410
3186499 3182411
3186501 3182416
3186503 3182417
3186506 3182418
3186509 3182421
3186511 3182423
3186510 3182425
3186513 3182428
3186515 3182432
3186517 3182433
# burst 40
3186519 3182436
3187490 3183248
3187493 3183250
3187496 3183255
3187498 3183258
3187503 3183262
3187505 3183264
3187509 3183271
3187514 3183274
3187516 3183277
3187523 3183283
3187527 3183288
3187532 3183293
3187539 3183298
3187547 3183304
3187553 3183312
3187560 3183318
3187565 3183323
3187572 3183330
3187582 3183338
3187590 3183344
3187595 3183348
3187602 3183355
3187609 3183363
3187614 3183368
3187622 3183375
3187629 3183381
3187636 3183388
3187642 3183393
3187647 3183397
3187653 3183402
3187659 3183408
3187664 3183413
3187670 3183419
3187676 3183424
3187682 3183430
3187687 3183435
3187694 3183441
3187699 3183446
3187704 3183453
# burst 40
3187710 3183456
3187716 3183462
3187723 3183468
3187727 3183472
3187733 3183479
3187742 3183484
3187747 3183492
3187756 3183499
3187766 3183506
3187772 3183513
3187781 3183522
3187789 3183529
3187795 3183535
3187800 3183541
3187803 3183544
3187801 3183547
3187799 3183550
3187797 3183549
3187790 3183550
3187784 3183549
3187778 3183548
3187769 3183544
3187763 3183545
3187756 3183543
3187751 3183540
3187747 3183542
3187743 3183541
3187740 3183539
3187735 3183538
3187733 3183537
3187731 3183538
3187731 3183538
3187728 3183538
3187729 3183538
3187728 3183536
3187728 3183537
3187731 3183539
3187731 3183540
3187733 3183541
3187734 3183542
# burst 20
3187736 3183543
3187739 3183543
3187743 3183546
3187746 3183547
3187744 3183547
3187748 3183549
3187747 3183548
3187746 3183546
3187745 3183545
3187745 3183545
3187742 3183543
3187740 3183540
3187738 3183538
3187736 3183537
3187735 3183536
3187733 3183534
3187731 3183532
3187730 3183532
3187730 3183530
3187731 3183528
# burst 40
3187731 3183528
3188576 3184228
3188575 3184226
3188574 3184225
3188574 3184225
3188575 3184223
3188577 3184222
3188576 3184221
3188578 3184219
3188577 3184220
3188578 3184219
3188578 3184219
3188580 3184220
3188582 3184218
3188581 3184217
3188584 3184217
3188582 3184216
3188585 3184217
3188585 3184216
3188586 3184217
3188589 3184216
3188588 3184216
3188588 3184215
3188589 3184214
3188588 3184213
3188589 3184214
3188590 3184212
3188590 3184207
3188590 3184206
3188588 3184205
3188589 3184205
3188590 3184203
3188590 3184203
3188591 3184201
3188591 3184202
3188591 3184201
3188591 3184200
3188592 3184198
3188591 3184197
3188593 3184198
# burst 40
3188591 3184196
3188591 3184193
3188592 3184194
3188589 3184193
3188591 3184192
3188594 3184191
3188594 3184192
3188594 3184193
3188597 3184191
3188599 3184192
3188599 3184193
3188601 3184194
3188601 3184191
3188604 3184194
3188604 3184193
3188607 3184193
3188609 3184193
3188609 3184194
3188609 3184193
3188610 3184193
3188611 3184192
3188612 3184190
3188613 3184191
3188613 3184190
3188613 3184191
3188615 3184191
3188616 3184191
3188615 3184191
3188617 3184191
3188618 3184191
3188621 3184191
3188623 3184192
3188621 3184193
3188625 3184192
3188626 3184192
3188627 3184191
3188625 3184189
3188621 3184187
3188613 3184180
3188603 3184176
# burst 20
3188592 3184168
3188578 3184160
3188561 3184150
3188547 3184142
3188532 3184133
3188517 3184124
3188506 3184115
3188496 3184110
3188485 3184103
3188475 3184097
3188468 3184094
3188463 3184089
3188457 3184085
3188452 3184082
3188446 3184078
3188441 3184074
3188436 3184070
3188430 3184065
3188424 3184062
3188419 3184056
# burst 40
3188414 3184052
3188410 3184049
3188405 3184047
3188403 3184043
3188401 3184040
3188399 3184039
3188397 3184037
3188397 3184034
3188396 3184034
3188394 3184034
3188392 3184031
3188392 3184031
3188390 3184028
3188386 3184027
3188385 3184025
3188381 3184023
3188380 3184019
3188379 3184020
3188376 3184017
3188372 3184015
3188373 3184014
3188369 3184013
3188367 3184011
3188368 3184010
3188366 3184009
3188364 3184007
3188362 3184007
3188363 3184006
3188363 3184006
3188361 3184004
3188362 3184003
3188362 3184002
3188363 3184003
3188364 3184005
3188365 3184006
3188367 3184006
3188372 3184007
3188371 3184009
3188374 3184011
3188376 3184009
# burst 40
3188376 3184011
3188380 3184011
3188381 3184013
3188384 3184014
3188385 3184015
3188388 3184015
3188390 3184017
3188390 3184017
3188394 3184017
3188394 3184019
3188396 3184019
3188397 3184021
3188399 3184020
3188399 3184020
3188402 3184023
3188403 3184022
3188406 3184024
3188408 3184024
3188409 3184027
3188413 3184027
3188414 3184029
3188416 3184029
3188420 3184031
3188422 3184032
3188423 3184034
3188426 3184034
3188427 3184033
3188431 3184037
3188434 3184038
3188436 3184038
3188440 3184040
3188441 3184039
3188444 3184042
3188447 3184042
3188449 3184043
3188453 3184044
3188453 3184046
3188456 3184048
3188458 3184049
3188459 3184048
# burst 20
3188463 3184050
3188466 3184053
3188467 3184051
3188469 3184054
3188474 3184055
3188475 3184054
3188477 3184057
3188478 3184058
3188481 3184058
3188483 3184060
3188486 3184061
3188488 3184063
3188489 3184062
3188493 3184063
3188494 3184065
3188495 3184065
3188499 3184065
3188502 3184068
3188502 3184067
3188506 3184071
# burst 40
3188508 3184071
3188512 3184072
3188511 3184073
3188515 3184074
3188516 3184074
3188517 3184075
3188517 3184073
3188512 3184070
3188506 3184066
3188496 3184060
3188483 3184054
3188468 3184046
3188453 3184038
3188439 3184028
3188425 3184019
3188413 3184011
3188400 3184004
3188390 3183997
3188379 3183991
3188370 3183986
3188362 3183982
3188355 3183978
3188350 3183972
3188343 3183969
3188338 3183965
3188333 3183959
3188328 3183957
3188326 3183954
3188320 3183951
3188316 3183948
3188312 3183947
3188308 3183944
3188308 3183941
3188307 3183940
3188305 3183940
3188303 3183938
3188304 3183937
3188302 3183935
3188300 3183934
3188301 3183932
# burst 40
3188299 3183933
3188296 3183930
3188297 3183930
3188294 3183927
3188292 3183926
3188290 3183924
3188289 3183924
3188287 3183921
3188284 3183922
3188282 3183919
3188280 3183918
3188278 3183918
3188279 3183918
3188276 3183917
3188276 3183916
3188279 3183919
3188280 3183918
3188283 3183919
3188283 3183922
3188286 3183922
3188286 3183924
3188288 3183925
3188289 3183925
3188290 3183925
3188291 3183926
3188292 3183927
3188294 3183926
3188294 3183927
3188297 3183928
3188296 3183930
3188299 3183931
3188301 3183933
3188304 3183935
3188306 3183936
3188309 3183937
3188310 3183940
3188315 3183940
3188317 3183943
3188320 3183948
3188325 3183951
# burst 20
3188331 3183956
3188338 3183961
3188344 3183968
3188349 3183974
3188357 3183980
3188363 3183986
3188372 3183995
3188380 3184002
3188390 3184011
3188399 3184019
3188408 3184027
3188416 3184034
3188425 3184041
3188434 3184049
3188442 3184056
3188449 3184062
3188456 3184068
3188462 3184076
3188466 3184078
3188471 3184083
# burst 40
3188478 3184087
3188480 3184089
3188486 3184093
3188487 3184094
3188491 3184097
3188494 3184101
3188496 3184102
3188499 3184101
3188501 3184101
3188503 3184103
3188504 3184103
3188506 3184104
3188509 3184104
3188511 3184104
3188516 3184105
3188516 3184105
3188520 3184107
3188523 3184107
3188526 3184109
3188531 3184111
3188536 3184112
3188539 3184111
3188543 3184113
3188545 3184112
3188547 3184112
3188551 3184112
3188555 3184114
3188560 3184114
3188561 3184116
3188564 3184115
3188568 3184116
3188568 3184117
3188570 3184116
3188572 3184118
3188571 3184118
3188570 3184117
3188567 3184116
3188559 3184112
3188551 3184108
3188538 3184103
# burst 40
3188527 3184095
3188511 3184086
3188494 3184078
3188478 3184069
3188464 3184062
3188451 3184053
3188439 3184047
3188427 3184038
3188415 3184031
3188405 3184026
3188399 3184020
3188389 3184015
3188383 3184010
3188377 3184005
3188372 3184002
3188369 3184000
3188364 3183997
3188360 3183994
3188359 3183991
3188358 3183989
3188356 3183989
3188357 3183988
3188358 3183987
3188358 3183986
3188359 3183986
3188359 3183985
3188361 3183985
3188361 3183985
3188362 3183986
3188359 3183986
3188361 3183986
3188359 3183985
3188358 3183985
3188356 3183984
3188355 3183983
3188352 3183982
3188346 3183980
3188345 3183980
3188342 3183977
3188340 3183974
# burst 20
3188334 3183974
3188334 3183974
3188334 3183973
3188331 3183971
3188331 3183974
3188333 3183973
3188331 3183973
3188333 3183973
3188334 3183972
3188334 3183973
3188335 3183974
3188338 3183975
3188336 3183975
3188341 3183976
3188344 3183976
3188344 3183977
3188344 3183976
3188347 3183978
3188350 3183981
3188351 3183981
# burst 40
3188354 3183982
3188356 3183983
3188358 3183984
3188360 3183984
3188362 3183985
3188363 3183986
3188363 3183987
3188367 3183987
3188366 3183987
3188368 3183987
3188369 3183989
3188371 3183989
3188372 3183992
3188374 3183991
3188376 3183991
3188380 3183994
3188382 3183995
3188385 3183995
3188388 3183995
3188390 3183997
3188392 3183998
3188395 3184000
3188395 3184001
3188398 3184005
3188400 3184004
3188404 3184007
3188406 3184009
3188408 3184011
3188411 3184012
3188413 3184015
3188416 3184015
3188418 3184017
3188421 3184019
3188424 3184022
3188427 3184022
3188431 3184026
3188435 3184029
3188438 3184031
3188445 3184035
3188447 3184036
# burst 40
3188452 3184040
3188457 3184043
3188461 3184046
3188465 3184050
3188470 3184052
3188475 3184057
3188479 3184059
3188482 3184061
3188487 3184067
3188493 3184069
3188495 3184071
3188496 3184076
3188502 3184077
3188506 3184080
3188508 3184080
3188514 3184085
3188518 3184087
3188520 3184089
3188521 3184090
3188517 3184091
3188514 3184089
3188507 3184088
3188498 3184085
3188489 3184081
3188477 3184076
3188465 3184073
3188456 3184068
3188444 3184063
3188433 3184058
3188423 3184053
3188416 3184049
3188408 3184045
3188402 3184040
3188396 3184038
3188391 3184034
3188385 3184032
3188380 3184028
3188375 3184024
3188371 3184022
3188368 3184019
# burst 20
3188363 3184017
3188359 3184014
3188356 3184012
3188353 3184008
3188350 3184006
3188348 3184004
3188346 3184002
3188347 3184000
3188343 3184000
3188342 3183996
3188340 3183994
3188336 3183993
3188334 3183990
3188329 3183989
3188326 3183985
3188319 3183981
3188317 3183977
3188313 3183973
3188309 3183971
3188304 3183967
# burst 40
3188301 3183965
3188298 3183963
3188296 3183960
3188294 3183960
3188291 3183959
3188290 3183958
3188289 3183957
3188285 3183955
3188285 3183955
3188285 3183954
3188284 3183953
3188286 3183953
3188286 3183954
3188285 3183953
3188287 3183954
3188287 3183953
3188289 3183954
3188291 3183955
3188290 3183955
3188292 3183954
3188293 3183956
3188294 3183957
3188297 3183958
3188296 3183957
3188298 3183958
3188299 3183958
3188299 3183957
3188301 3183957
3188300 3183956
3188300 3183957
3188302 3183958
3188304 3183958
3188304 3183958
3188305 3183958
3188306 3183958
3188306 3183958
3188308 3183958
3188308 3183958
3188308 3183961
3188309 3183959
# burst 40
3188310 3183958
3188310 3183960
3188312 3183959
3188313 3183960
3188316 3183962
3188316 3183961
3188316 3183961
3188322 3183962
3188323 3183963
3188324 3183964
3188327 3183965
3188330 3183967
3188333 3183968
3188336 3183970
3188338 3183971
3188341 3183972
3188344 3183975
3188346 3183975
3188351 3183979
3188353 3183981
3188356 3183983
3188361 3183986
3188367 3183990
3188373 3183993
3188379 3183997
3188385 3184004
3188392 3184007
3188398 3184012
3188405 3184016
3188411 3184021
3188415 3184025
3188421 3184030
3188424 3184033
3188426 3184036
3188429 3184038
3188431 3184041
3188428 3184040
3188426 3184039
3188418 3184035
3188409 3184030
# burst 20
3188398 3184026
3188387 3184022
3188375 3184014
3188364 3184009
3188350 3184004
3188342 3183997
3188332 3183992
3188323 3183989
3188319 3183985
3188314 3183982
3188308 3183979
3188305 3183977
3188302 3183975
3188300 3183974
3188299 3183975
3188299 3183975
3188297 3183975
3188297 3183975
3188297 3183974
3188298 3183975
# burst 40
3188300 3183979
3188302 3183980
3188303 3183980
3188305 3183980
3188307 3183983
3188309 3183984
3188312 3183987
3188315 3183989
3188316 3183990
3188319 3183994
3188320 3183995
3188322 3183997
3188321 3184001
3188322 3183999
3188319 3184000
3188317 3184000
3188317 3183998
3188316 3183999
3188313 3183999
3188311 3183997
3188306 3183994
3188308 3183996
3188306 3183994
3188306 3183994
3188306 3183995
3188306 3183994
3188305 3183995
3188307 3183995
3188307 3183996
3188309 3183996
3188312 3183998
3188312 3183998
3188315 3183997
3188317 3183999
3188320 3184000
3188320 3184000
3188323 3184000
3188325 3184002
3188328 3184003
3188330 3184002
# burst 40
3188331 3184004
3188333 3184005
3188334 3184006
3188336 3184006
3188335 3184005
3188338 3184007
3188340 3184007
3188338 3184007
3188341 3184008
3188341 3184010
3188342 3184010
3188343 3184011
3188342 3184011
3188347 3184012
3188347 3184014
3188350 3184015
3188353 3184015
3188355 3184017
3188356 3184018
3188359 3184019
3188360 3184021
3188363 3184020
3188365 3184022
3188368 3184023
3188369 3184026
3188370 3184027
3188375 3184028
3188378 3184030
3188380 3184032
3188381 3184031
3188385 3184033
3188386 3184036
3188387 3184037
3188387 3184036
3188391 3184036
3188392 3184039
3188393 3184039
3188396 3184041
3188399 3184040
3188399 3184041
# burst 20
3188401 3184043
3188403 3184046
3188405 3184044
3188408 3184046
3188411 3184047
3188413 3184049
3188415 3184051
3188419 3184052
3188419 3184053
3188417 3184050
3188413 3184048
3188405 3184045
3188396 3184040
3188385 3184035
3188374 3184030
3188363 3184023
3188352 3184017
3188340 3184011
3188331 3184009
3188324 3184002
# burst 40
3188317 3183999
3188312 3183996
3188308 3183991
3188302 3183990
3188299 3183987
3188294 3183985
3188292 3183982
3188289 3183979
3188287 3183978
3188281 3183976
3188281 3183977
3188278 3183976
3188277 3183973
3188276 3183972
3188276 3183972
3188275 3183969
3188276 3183972
3188276 3183971
3188278 3183971
3188278 3183971
3188277 3183971
3188278 3183971
3188278 3183971
3188276 3183970
3188275 3183971
3188271 3183970
3188272 3183968
3188268 3183969
3188267 3183967
3188266 3183967
3188266 3183967
3188264 3183967
3188262 3183966
3188264 3183966
3188263 3183966
3188262 3183965
3188262 3183965
3188263 3183968
3188263 3183968
3188264 3183968
# burst 40
3188265 3183969
3188267 3183969
3188268 3183970
3188268 3183970
3188269 3183971
3188271 3183972
3188274 3183973
3188274 3183975
3188275 3183975
3188276 3183975
3188280 3183977
3188280 3183977
3188282 3183979
3188283 3183979
3188283 3183980
3188285 3183980
3188288 3183981
3188287 3183982
3188290 3183984
3188291 3183985
3188293 3183985
3188292 3183986
3188295 3183986
3188295 3183987
3188296 3183987
3188297 3183989
3188299 3183989
3188301 3183992
3188303 3183992
3188303 3183994
3188306 3183994
3188307 3183993
3188307 3183996
3188307 3183997
3188310 3183998
3188311 3183998
3188312 3183998
3188314 3184001
3188316 3184000
3188317 3184001
# burst 20
3188318 3184003
3188321 3184003
3188322 3184004
3188323 3184005
3188325 3184007
3188327 3184006
3188328 3184007
3188329 3184008
3188331 3184009
3188332 3184010
3188337 3184012
3188339 3184013
3188339 3184014
3188344 3184016
3188345 3184018
3188348 3184018
3188349 3184019
3188350 3184020
3188348 3184020
3188350 3184021
# burst 40
3188344 3184020
3188340 3184017
3188333 3184015
3188325 3184009
3188314 3184006
3188306 3184001
3188296 3183999
3188288 3183995
3188283 3183991
3188276 3183987
3188271 3183987
3188267 3183985
3188262 3183983
3188261 3183981
3188260 3183983
3188260 3183981
3188260 3183983
3188258 3183983
3188259 3183982
3188260 3183981
3188259 3183984
3188263 3183982
3188264 3183983
3188262 3183984
3188265 3183985
3188265 3183985
3188267 3183985
3188263 3183984
3188264 3183984
3188263 3183984
3188260 3183982
3188258 3183982
3188255 3183981
3188254 3183981
3188250 3183980
3188248 3183979
3188248 3183979
3188247 3183979
3188246 3183980
3188248 3183981
# burst 40
3188249 3183981
3188252 3183984
3188254 3183986
3188257 3183988
3188259 3183990
3188263 3183993
3188267 3183995
3188269 3184000
3188276 3184003
3188282 3184006
3188283 3184009
3188289 3184012
3188294 3184016
3188298 3184020
3188305 3184024
3188310 3184028
3188313 3184031
3188319 3184035
3188322 3184039
3188329 3184042
3188332 3184046
3188336 3184048
3188339 3184053
3188344 3184057
3188349 3184060
3188352 3184063
3188356 3184065
3188362 3184068
3188364 3184072
3188367 3184075
3188370 3184077
3188374 3184081
3188377 3184084
3188379 3184086
3188383 3184088
3188387 3184091
3188390 3184093
3188393 3184095
3188396 3184098
3188399 3184100
# burst 20
3188401 3184103
3188403 3184105
3188407 3184107
3188410 3184110
3188414 3184112
3188417 3184114
3188419 3184116
3188423 3184118
3188426 3184120
3188429 3184123
3188433 3184126
3188436 3184128
3188438 3184130
3188436 3184130
3188435 3184130
3188431 3184130
3188423 3184129
3188416 3184124
3188406 3184121
3188396 3184115
# burst 40
3188388 3184113
3188379 3184108
3188372 3184103
3188362 3184101
3188356 3184099
3188351 3184097
3188346 3184093
3188341 3184092
3188338 3184091
3188336 3184089
3188334 3184088
3188329 3184087
3188327 3184085
3188324 3184085
3188322 3184082
3188323 3184082
3188320 3184082
3188320 3184080
3188320 3184081
3188321 3184081
3188321 3184081
3188321 3184082
3188323 3184082
3188325 3184082
3188323 3184082
3188326 3184081
3188324 3184081
3188324 3184083
3188323 3184081
3188321 3184080
3188320 3184080
3188318 3184079
3188316 3184077
3188315 3184078
3188314 3184076
3188313 3184077
3188313 3184078
3188313 3184075
3188312 3184077
3188315 3184079
# burst 40
3188317 3184079
3188317 3184080
3188320 3184082
3188322 3184082
3188324 3184085
3188326 3184086
3188330 3184087
3188333 3184089
3188335 3184089
3188338 3184093
3188342 3184094
3188345 3184096
3188347 3184100
3188352 3184102
3188354 3184104
3188356 3184107
3188359 3184107
3188362 3184111
3188363 3184112
3188366 3184116
3188371 3184118
3188374 3184119
3188377 3184123
3188380 3184125
3188383 3184127
3188388 3184128
3188391 3184134
3188396 3184134
3188399 3184137
3188402 3184142
3188407 3184145
3188412 3184148
3188418 3184152
3188424 3184157
3188427 3184160
3188432 3184162
3188437 3184167
3188442 3184169
3188447 3184173
3188452 3184176
# burst 20
3188457 3184182
3188462 3184186
3188468 3184189
3188473 3184191
3188480 3184198
3188485 3184201
3188489 3184206
3188498 3184208
3188504 3184213
3188510 3184216
3188515 3184222
3188522 3184227
3188526 3184231
3188527 3184236
3188528 3184237
3188524 3184237
3188519 3184237
3188510 3184235
3188502 3184232
3188490 3184229
# burst 40
3188482 3184226
3188471 3184224
3188464 3184222
3188455 3184218
3188450 3184216
3188444 3184215
3188437 3184213
3188436 3184213
3188431 3184212
3188429 3184213
3188425 3184211
3188421 3184210
3188418 3184208
3188416 3184205
3188409 3184203
3188406 3184202
3188404 3184200
3188398 3184197
3188395 3184196
3188392 3184195
3188390 3184193
3188386 3184191
3188383 3184187
3188380 3184184
3188378 3184184
3188375 3184180
3188370 3184175
3188368 3184171
3188365 3184168
3188359 3184164
3188354 3184159
3188350 3184154
3188342 3184150
3188339 3184145
3188335 3184141
3188329 3184138
3188326 3184131
3188320 3184129
3188318 3184126
3188316 3184124
# burst 40
3188313 3184120
3188310 3184116
3188310 3184113
3188308 3184112
3188306 3184110
3188306 3184108
3188306 3184108
3188306 3184108
3188304 3184107
3188303 3184104
3188304 3184103
3188303 3184102
3188299 3184102
3188302 3184099
3188300 3184099
3188297 3184099
3188297 3184096
3188297 3184097
3188298 3184096
3188298 3184095
3188296 3184094
3188299 3184096
3188297 3184092
3188298 3184092
3188299 3184092
3188299 3184092
3188298 3184091
3188297 3184089
3188299 3184088
3188297 3184089
3188296 3184086
3188298 3184087
3188299 3184085
3188299 3184086
3188300 3184085
3188299 3184085
3188300 3184082
3188299 3184083
3188301 3184083
3188301 3184083
# burst 20
3188302 3184082
3188301 3184082
3188302 3184083
3188302 3184081
3188302 3184080
3188305 3184082
3188309 3184082
3188309 3184083
3188311 3184083
3188312 3184085
3188313 3184085
3188314 3184087
3188315 3184087
3188319 3184087
3188318 3184089
3188322 3184088
3188321 3184090
3188323 3184088
3188325 3184090
3188325 3184090
# burst 40
3188326 3184091
3188331 3184091
3188330 3184092
3188331 3184092
3188332 3184093
3188334 3184094
3188335 3184094
3188337 3184096
3188339 3184095
3188341 3184096
3188344 3184096
3188345 3184098
3188348 3184098
3188349 3184101
3188352 3184101
3188355 3184102
3188357 3184102
3188362 3184104
3188361 3184105
3188366 3184105
3188366 3184107
3188362 3184106
3188360 3184107
3188352 3184102
3188344 3184097
3188331 3184094
3188317 3184086
3188303 3184080
3188290 3184074
3188277 3184068
3188267 3184061
3188256 3184057
3188246 3184052
3188239 3184047
3188233 3184045
3188225 3184042
3188219 3184038
3188215 3184036
3188209 3184031
3188206 3184029
# burst 40
3188199 3184027
3188196 3184024
3188192 3184023
3188186 3184019
3188180 3184016
3188178 3184015
3188176 3184015
3188174 3184012
3188170 3184012
3188171 3184010
3188171 3184011
3188172 3184011
3188172 3184010
3188172 3184011
3188173 3184011
3188172 3184011
3188172 3184011
3188170 3184010
3188168 3184010
3188167 3184008
3188165 3184007
3188163 3184006
3188159 3184004
3188156 3184002
3188155 3184001
3188155 3184001
3188153 3184000
3188152 3184000
3188150 3184000
3188148 3184000
3188150 3183999
3188150 3183997
3188151 3183998
3188147 3183997
3188148 3183996
3188148 3183994
3188149 3183996
3188150 3183995
3188150 3183994
3188151 3183994
# burst 20
3188149 3183994
3188150 3183995
3188150 3183994
3188152 3183993
3188151 3183992
3188155 3183994
3188153 3183990
3188154 3183992
3188156 3183992
3188156 3183992
3188157 3183991
3188156 3183990
3188157 3183989
3188157 3183987
3188158 3183987
3188156 3183988
3188155 3183987
3188158 3183987
3188157 3183986
3188156 3183985
