# burst 40
3210581 3472740
3341661 3472625
3341663 3472624
3341664 3472624
3341663 3472624
3341664 3472624
3341663 3472623
3341663 3472623
3341663 3472622
3341664 3472623
3341663 3472625
3341662 3472623
3341664 3472623
3341662 3472623
3341664 3472622
3341663 3472624
3341664 3472623
3341663 3472622
3341662 3472622
3341663 3472622
3341663 3472622
3341663 3472623
3341664 3472622
3341663 3472622
3341663 3472623
3341663 3472623
3341664 3472623
3341662 3472623
3341663 3472623
3341663 3472622
3341664 3472623
3341663 3472622
3341661 3472621
3341663 3472621
3341663 3472622
3341663 3472621
3341662 3472622
3341663 3472622
3341664 3472621
3341664 3472622
# burst 40
3341662 3472622
3341663 3472622
3341663 3472622
3341664 3472621
3341662 3472622
3341662 3472622
3341663 3472622
3341663 3472621
3341663 3472622
3341662 3472622
3341662 3472622
3341662 3472621
3341662 3472621
3341663 3472622
3341662 3472621
3341663 3472622
3341662 3472621
3341662 3472622
3341663 3472622
3341663 3472622
3341662 3472621
3341662 3472621
3341662 3472621
3341662 3472622
3341663 3472620
3341661 3472621
3341662 3472621
3341663 3472621
3341662 3472620
3341662 3472621
3341662 3472622
3341662 3472621
3341662 3472621
3341662 3472621
3341663 3472621
3341663 3472620
3341662 3472621
3341662 3472622
3341661 3472622
3341662 3472620
# burst 20
3341662 3472620
3341662 3472621
3341662 3472621
3341663 3472621
3341661 3472621
3341661 3472620
3341662 3472621
3341661 3472620
3341662 3472622
3341662 3472621
3341662 3472620
3341662 3472620
3341662 3472622
3341662 3472621
3341661 3472621
3341662 3472620
3341663 3472621
3341662 3472621
3341661 3472620
3341662 3472621
# burst 40
3341661 3472620
3174888 3172857
3174891 3172858
3174890 3172858
3174891 3172857
3174889 3172858
3174890 3172857
3174890 3172856
3174889 3172855
3174889 3172856
3174889 3172854
3174889 3172854
3174889 3172853
3174889 3172854
3174888 3172853
3174888 3172854
3174890 3172853
3174890 3172852
3174890 3172854
3174892 3172854
3174893 3172855
3174892 3172855
3174895 3172855
3174896 3172856
3174897 3172857
3174897 3172856
3174900 3172856
3174900 3172857
3174901 3172856
3174903 3172858
3174905 3172858
3174906 3172858
3174907 3172860
3174909 3172860
3174910 3172861
3174910 3172860
3174913 3172860
3174914 3172862
3174914 3172862
3174916 3172863
# burst 40
3174917 3172863
3174919 3172864
3174922 3172864
3174922 3172865
3174924 3172866
3174925 3172867
3174925 3172867
3174926 3172867
3174928 3172867
3174930 3172868
3174932 3172869
3174933 3172869
3174936 3172871
3174935 3172872
3174936 3172871
3174938 3172871
3174937 3172872
3174936 3172870
3174933 3172868
3174933 3172865
3174929 3172862
3174925 3172858
3174920 3172855
3174915 3172849
3174912 3172847
3174908 3172844
3174907 3172842
3174907 3172841
3174910 3172843
3174912 3172845
3174921 3172850
3174931 3172859
3174945 3172869
3174964 3172882
3174983 3172898
3175005 3172914
3175026 3172931
3175049 3172948
3175073 3172966
3175097 3172983
# burst 20
3175117 3172998
3175134 3173010
3175151 3173021
3175170 3173033
3175189 3173046
3175208 3173059
3175226 3173070
3175245 3173082
3175269 3173101
3175295 3173122
3175323 3173144
3175354 3173168
3175386 3173196
3175416 3173222
3175446 3173249
3175471 3173270
3175493 3173288
3175511 3173303
3175525 3173316
3175532 3173325
# burst 40
3175535 3173331
3176486 3174137
3176480 3174137
3176471 3174133
3176458 3174127
3176449 3174123
3176437 3174120
3176419 3174108
3176392 3174090
3176365 3174074
3176345 3174059
3176325 3174048
3176312 3174045
3176311 3174054
3176321 3174069
3176334 3174090
3176339 3174098
3176334 3174103
3176329 3174102
3176322 3174103
3176317 3174106
3176319 3174111
3176322 3174115
3176320 3174118
3176319 3174121
3176324 3174124
3176328 3174134
3176338 3174143
3176347 3174154
3176359 3174164
3176370 3174175
3176378 3174187
3176391 3174196
3176400 3174204
3176407 3174210
3176419 3174218
3176428 3174224
3176438 3174231
3176450 3174236
3176461 3174243
# burst 40
3176474 3174251
3176489 3174259
3176503 3174267
3176515 3174275
3176531 3174286
3176542 3174295
3176555 3174303
3176571 3174314
3176587 3174325
3176603 3174337
3176621 3174350
3176640 3174365
3176663 3174383
3176688 3174401
3176716 3174419
3176741 3174439
3176770 3174461
3176788 3174474
3176806 3174488
3176823 3174499
3176841 3174516
3176862 3174532
3176880 3174548
3176894 3174559
3176903 3174569
3176915 3174577
3176921 3174585
3176931 3174590
3176936 3174597
3176942 3174604
3176951 3174612
3176961 3174620
3176969 3174629
3176976 3174635
3176980 3174640
3176985 3174647
3176994 3174652
3177000 3174659
3177006 3174664
3177015 3174672
# burst 20
3177025 3174681
3177037 3174693
3177052 3174706
3177066 3174721
3177084 3174739
3177107 3174760
3177129 3174781
3177143 3174799
3177151 3174808
3177158 3174813
3177160 3174820
3177165 3174826
3177171 3174832
3177180 3174841
3177187 3174851
3177198 3174862
3177207 3174871
3177208 3174875
3177209 3174877
3177212 3174882
# burst 40
3177216 3174884
3178080 3175608
3178076 3175605
3178067 3175599
3178063 3175599
3178063 3175599
3178065 3175605
3178064 3175604
3178057 3175602
3178048 3175594
3178039 3175590
3178033 3175585
3178030 3175585
3178024 3175585
3178017 3175579
3178007 3175572
3177994 3175565
3177982 3175556
3177968 3175548
3177951 3175535
3177940 3175524
3177935 3175519
3177931 3175511
3177927 3175504
3177923 3175498
3177926 3175491
3177928 3175488
3177932 3175489
3177934 3175487
3177929 3175482
3177925 3175477
3177924 3175475
3177921 3175470
3177918 3175466
3177915 3175462
3177913 3175458
3177910 3175456
3177905 3175451
3177900 3175448
3177897 3175444
# burst 40
3177895 3175443
3177889 3175436
3177883 3175433
3177886 3175437
3177886 3175438
3177882 3175436
3177877 3175436
3177880 3175443
3177885 3175451
3177890 3175462
3177899 3175471
3177903 3175480
3177904 3175486
3177903 3175494
3177906 3175500
3177912 3175511
3177915 3175522
3177917 3175532
3177921 3175542
3177930 3175554
3177931 3175562
3177929 3175567
3177923 3175570
3177920 3175571
3177910 3175569
3177906 3175569
3177901 3175570
3177900 3175566
3177899 3175565
3177894 3175561
3177888 3175559
3177885 3175555
3177882 3175553
3177880 3175553
3177876 3175553
3177869 3175549
3177864 3175542
3177860 3175537
3177857 3175534
3177856 3175535
# burst 20
3177856 3175536
3177858 3175537
3177855 3175536
3177858 3175537
3177858 3175536
3177861 3175535
3177863 3175535
3177868 3175537
3177876 3175539
3177884 3175541
3177890 3175543
3177898 3175542
3177901 3175542
3177905 3175539
3177906 3175536
3177907 3175532
3177907 3175529
3177906 3175524
3177908 3175522
3177904 3175517
# burst 40
3177904 3175516
3178885 3176347
3178886 3176344
3178885 3176342
3178881 3176337
3178879 3176334
3178878 3176329
3178875 3176326
3178874 3176323
3178874 3176322
3178875 3176323
3178874 3176323
3178873 3176324
3178866 3176321
3178861 3176319
3178855 3176315
3178847 3176312
3178840 3176307
3178832 3176302
3178839 3176308
3178846 3176314
3178839 3176311
3178831 3176306
3178826 3176301
3178817 3176295
3178805 3176290
3178796 3176285
3178790 3176283
3178785 3176281
3178777 3176281
3178774 3176279
3178764 3176276
3178756 3176274
3178750 3176272
3178743 3176271
3178737 3176270
3178734 3176268
3178730 3176265
3178722 3176259
3178715 3176256
# burst 40
3178709 3176252
3178705 3176247
3178700 3176245
3178696 3176242
3178687 3176236
3178687 3176236
3178686 3176237
3178685 3176239
3178686 3176240
3178687 3176241
3178687 3176242
3178685 3176243
3178687 3176246
3178689 3176248
3178692 3176253
3178695 3176255
3178693 3176255
3178687 3176254
3178686 3176253
3178685 3176254
3178686 3176255
3178686 3176255
3178688 3176256
3178687 3176254
3178684 3176253
3178682 3176251
3178677 3176248
3178675 3176244
3178669 3176238
3178660 3176230
3178650 3176220
3178637 3176210
3178625 3176199
3178622 3176194
3178617 3176189
3178616 3176187
3178614 3176185
3178612 3176183
3178609 3176179
3178603 3176172
# burst 20
3178594 3176165
3178588 3176160
3178580 3176156
3178578 3176150
3178570 3176144
3178565 3176139
3178561 3176135
3178554 3176132
3178551 3176127
3178546 3176124
3178541 3176118
3178536 3176115
3178532 3176114
3178531 3176112
3178532 3176113
3178540 3176118
3178551 3176127
3178564 3176138
3178578 3176148
3178591 3176159
# burst 40
3178601 3176169
3179518 3176947
3179527 3176956
3179546 3176972
3179572 3176994
3179600 3177016
3179624 3177035
3179648 3177054
3179668 3177069
3179687 3177078
3179699 3177086
3179713 3177093
3179723 3177097
3179731 3177103
3179739 3177106
3179745 3177109
3179752 3177116
3179764 3177123
3179772 3177129
3179775 3177130
3179777 3177128
3179777 3177125
3179775 3177120
3179774 3177116
3179770 3177112
3179764 3177107
3179760 3177100
3179753 3177095
3179744 3177086
3179734 3177080
3179724 3177072
3179714 3177064
3179704 3177058
3179697 3177052
3179689 3177047
3179683 3177044
3179678 3177038
3179667 3177032
3179657 3177025
3179643 3177015
# burst 40
3179630 3177005
3179617 3176997
3179606 3176990
3179596 3176984
3179587 3176980
3179580 3176975
3179574 3176974
3179570 3176971
3179567 3176969
3179566 3176971
3179569 3176975
3179570 3176979
3179571 3176981
3179575 3176985
3179577 3176988
3179582 3176993
3179587 3176997
3179594 3177002
3179598 3177006
3179605 3177009
3179610 3177014
3179614 3177018
3179619 3177018
3179620 3177018
3179619 3177016
3179617 3177012
3179618 3177013
3179619 3177013
3179617 3177009
3179613 3177006
3179611 3177002
3179614 3177004
3179616 3177003
3179616 3177002
3179617 3177000
3179616 3177000
3179617 3176995
3179614 3176994
3179618 3176994
3179623 3176996
# burst 20
3179628 3176997
3179632 3177000
3179638 3177001
3179641 3177003
3179646 3177005
3179648 3177007
3179650 3177006
3179648 3177002
3179649 3176999
3179645 3176997
3179642 3176992
3179636 3176983
3179631 3176976
3179625 3176968
3179619 3176960
3179615 3176952
3179613 3176947
3179611 3176944
3179612 3176940
3179613 3176938
# burst 40
3179618 3176939
3180592 3177761
3180597 3177762
3180604 3177764
3180610 3177767
3180616 3177768
3180623 3177770
3180627 3177770
3180629 3177768
3180630 3177765
3180632 3177765
3180634 3177765
3180637 3177762
3180638 3177760
3180639 3177760
3180642 3177759
3180646 3177759
3180647 3177759
3180652 3177759
3180649 3177757
3180650 3177754
3180649 3177750
3180645 3177746
3180642 3177739
3180635 3177732
3180629 3177723
3180620 3177715
3180611 3177704
3180601 3177692
3180592 3177684
3180584 3177673
3180575 3177663
3180569 3177656
3180563 3177649
3180558 3177640
3180553 3177635
3180552 3177631
3180548 3177628
3180544 3177623
3180538 3177614
# burst 40
3180529 3177604
3180514 3177590
3180499 3177574
3180482 3177559
3180465 3177543
3180449 3177526
3180432 3177508
3180411 3177490
3180390 3177471
3180371 3177456
3180350 3177441
3180330 3177427
3180309 3177410
3180292 3177397
3180274 3177382
3180259 3177371
3180244 3177359
3180230 3177349
3180218 3177340
3180208 3177334
3180204 3177329
3180203 3177326
3180204 3177325
3180205 3177325
3180209 3177326
3180217 3177332
3180226 3177337
3180235 3177342
3180244 3177349
3180254 3177354
3180260 3177359
3180271 3177366
3180281 3177373
3180288 3177376
3180293 3177378
3180302 3177384
3180312 3177389
3180325 3177399
3180342 3177408
3180360 3177421
# burst 20
3180381 3177433
3180401 3177447
3180421 3177459
3180439 3177469
3180442 3177464
3180450 3177464
3180461 3177467
3180471 3177473
3180479 3177477
3180488 3177481
3180496 3177484
3180503 3177485
3180508 3177488
3180517 3177493
3180523 3177497
3180527 3177500
3180531 3177501
3180536 3177503
3180539 3177504
3180542 3177504
# burst 40
3180545 3177506
3181394 3178215
3181397 3178215
3181397 3178216
3181399 3178218
3181400 3178217
3181400 3178218
3181401 3178219
3181400 3178219
3181400 3178219
3181399 3178220
3181401 3178221
3181400 3178220
3181398 3178220
3181399 3178220
3181398 3178221
3181401 3178222
3181400 3178224
3181401 3178228
3181404 3178228
3181404 3178229
3181406 3178232
3181406 3178233
3181407 3178233
3181409 3178234
3181410 3178235
3181412 3178237
3181413 3178239
3181415 3178239
3181417 3178243
3181419 3178246
3181421 3178246
3181423 3178247
3181422 3178248
3181423 3178248
3181425 3178250
3181425 3178252
3181428 3178251
3181429 3178253
3181431 3178254
# burst 40
3181432 3178254
3181434 3178256
3181437 3178259
3181440 3178262
3181443 3178263
3181443 3178266
3181444 3178269
3181445 3178267
3181442 3178267
3181437 3178264
3181430 3178262
3181423 3178259
3181417 3178256
3181409 3178253
3181402 3178250
3181397 3178248
3181394 3178246
3181389 3178245
3181388 3178245
3181387 3178246
3181387 3178246
3181386 3178247
3181385 3178247
3181387 3178249
3181386 3178249
3181389 3178250
3181391 3178250
3181392 3178251
3181395 3178253
3181400 3178256
3181405 3178258
3181408 3178258
3181413 3178261
3181418 3178263
3181422 3178265
3181424 3178266
3181427 3178270
3181430 3178271
3181434 3178272
3181437 3178276
# burst 20
3181440 3178277
3181442 3178277
3181444 3178280
3181444 3178282
3181448 3178285
3181450 3178287
3181451 3178290
3181454 3178294
3181459 3178295
3181462 3178298
3181465 3178300
3181467 3178303
3181470 3178307
3181473 3178309
3181477 3178311
3181481 3178316
3181483 3178315
3181488 3178319
3181490 3178322
3181493 3178323
# burst 40
3181497 3178325
3182478 3179146
3182479 3179149
3182482 3179150
3182484 3179151
3182486 3179153
3182486 3179153
3182490 3179154
3182492 3179156
3182493 3179158
3182494 3179159
3182495 3179160
3182495 3179159
3182497 3179160
3182500 3179161
3182500 3179163
3182501 3179162
3182502 3179162
3182503 3179164
3182504 3179164
3182503 3179165
3182507 3179165
3182507 3179164
3182507 3179167
3182507 3179166
3182508 3179167
3182509 3179169
3182510 3179168
3182508 3179167
3182509 3179167
3182510 3179167
3182512 3179168
3182512 3179168
3182513 3179169
3182514 3179170
3182515 3179170
3182516 3179170
3182515 3179171
3182517 3179171
3182518 3179172
# burst 40
3182518 3179172
3182519 3179174
3182519 3179172
3182520 3179172
3182522 3179173
3182522 3179173
3182523 3179173
3182524 3179172
3182525 3179173
3182524 3179174
3182524 3179173
3182525 3179173
3182527 3179172
3182526 3179173
3182525 3179172
3182529 3179175
3182527 3179175
3182529 3179174
3182530 3179175
3182529 3179174
3182531 3179175
3182532 3179175
3182532 3179175
3182531 3179174
3182533 3179175
3182531 3179175
3182534 3179176
3182535 3179177
3182538 3179177
3182538 3179179
3182541 3179179
3182540 3179180
3182541 3179179
3182540 3179178
3182535 3179177
3182528 3179172
3182521 3179168
3182512 3179164
3182503 3179158
3182495 3179154
# burst 20
3182487 3179148
3182480 3179145
3182473 3179142
3182466 3179139
3182461 3179136
3182459 3179136
3182457 3179132
3182456 3179133
3182456 3179132
3182455 3179133
3182456 3179133
3182456 3179133
3182455 3179134
3182457 3179132
3182458 3179133
3182460 3179134
3182462 3179133
3182464 3179134
3182465 3179135
3182468 3179136
# burst 40
3182470 3179136
3183394 3179911
3183394 3179911
3183395 3179912
3183397 3179911
3183398 3179911
3183399 3179913
3183399 3179913
3183400 3179912
3183401 3179912
3183404 3179914
3183403 3179914
3183403 3179913
3183403 3179914
3183405 3179916
3183406 3179917
3183409 3179917
3183409 3179916
3183410 3179918
3183413 3179917
3183416 3179918
3183417 3179919
3183419 3179920
3183422 3179921
3183424 3179921
3183427 3179922
3183428 3179923
3183433 3179925
3183434 3179925
3183437 3179926
3183440 3179928
3183442 3179929
3183443 3179929
3183445 3179930
3183450 3179930
3183451 3179932
3183453 3179932
3183454 3179934
3183458 3179935
3183459 3179936
# burst 40
3183460 3179936
3183461 3179937
3183462 3179937
3183465 3179938
3183467 3179939
3183468 3179939
3183469 3179941
3183471 3179941
3183471 3179940
3183470 3179942
3183471 3179941
3183473 3179942
3183473 3179942
3183476 3179942
3183476 3179944
3183477 3179944
3183478 3179945
3183478 3179946
3183480 3179946
3183480 3179945
3183480 3179946
3183483 3179946
3183482 3179946
3183481 3179946
3183483 3179946
3183484 3179945
3183483 3179945
3183482 3179948
3183485 3179946
3183486 3179946
3183485 3179947
3183487 3179948
3183488 3179948
3183489 3179948
3183489 3179948
3183489 3179949
3183489 3179950
3183491 3179950
3183491 3179949
3183489 3179950
# burst 20
3183492 3179950
3183493 3179949
3183492 3179949
3183493 3179951
3183494 3179952
3183496 3179953
3183496 3179954
3183499 3179955
3183498 3179955
3183497 3179956
3183500 3179956
3183495 3179955
3183491 3179953
3183484 3179949
3183475 3179945
3183466 3179941
3183457 3179939
3183449 3179935
3183441 3179930
3183438 3179930
# burst 40
3183435 3179929
3184410 3180746
3184410 3180744
3184411 3180747
3184414 3180749
3184417 3180751
3184420 3180754
3184424 3180755
3184429 3180758
3184432 3180760
3184437 3180762
3184443 3180765
3184449 3180768
3184451 3180770
3184457 3180770
3184463 3180772
3184463 3180772
3184469 3180775
3184471 3180776
3184474 3180777
3184478 3180777
3184478 3180778
3184479 3180778
3184481 3180780
3184485 3180781
3184488 3180781
3184490 3180782
3184492 3180782
3184492 3180780
3184495 3180779
3184495 3180780
3184495 3180781
3184498 3180781
3184499 3180781
3184500 3180780
3184502 3180781
3184506 3180782
3184507 3180781
3184511 3180780
3184514 3180781
# burst 40
3184514 3180781
3184517 3180782
3184519 3180781
3184520 3180781
3184524 3180782
3184527 3180783
3184530 3180785
3184532 3180785
3184532 3180786
3184533 3180786
3184535 3180786
3184537 3180788
3184537 3180786
3184538 3180786
3184538 3180787
3184539 3180788
3184535 3180786
3184536 3180786
3184536 3180786
3184536 3180786
3184537 3180784
3184538 3180785
3184536 3180785
3184536 3180783
3184536 3180781
3184532 3180783
3184533 3180781
3184531 3180779
3184532 3180779
3184530 3180779
3184530 3180780
3184529 3180779
3184529 3180778
3184530 3180779
3184530 3180778
3184531 3180779
3184531 3180778
3184531 3180780
3184531 3180779
3184529 3180780
# burst 20
3184531 3180780
3184533 3180781
3184531 3180780
3184533 3180780
3184530 3180781
3184532 3180781
3184532 3180781
3184532 3180781
3184532 3180780
3184533 3180781
3184533 3180781
3184533 3180782
3184535 3180782
3184535 3180783
3184537 3180784
3184538 3180785
3184539 3180787
3184540 3180789
3184543 3180790
3184544 3180792
# burst 40
3184546 3180794
3185428 3181496
3185430 3181499
3185431 3181501
3185430 3181502
3185425 3181500
3185422 3181499
3185416 3181496
3185409 3181493
3185402 3181489
3185393 3181486
3185382 3181481
3185376 3181477
3185370 3181476
3185362 3181472
3185356 3181471
3185351 3181469
3185348 3181467
3185347 3181467
3185342 3181466
3185341 3181465
3185338 3181463
3185337 3181464
3185336 3181464
3185336 3181464
3185337 3181466
3185340 3181466
3185341 3181464
3185342 3181467
3185344 3181466
3185346 3181467
3185348 3181468
3185352 3181469
3185352 3181471
3185355 3181470
3185356 3181472
3185355 3181472
3185357 3181473
3185357 3181474
3185358 3181474
# burst 40
3185358 3181474
3185359 3181475
3185360 3181476
3185363 3181475
3185362 3181477
3185363 3181477
3185365 3181477
3185365 3181476
3185368 3181476
3185369 3181478
3185371 3181477
3185372 3181480
3185375 3181481
3185377 3181480
3185379 3181481
3185381 3181484
3185384 3181484
3185386 3181486
3185390 3181488
3185393 3181488
3185395 3181489
3185397 3181489
3185400 3181492
3185402 3181492
3185405 3181493
3185406 3181494
3185408 3181495
3185410 3181496
3185412 3181497
3185414 3181497
3185418 3181499
3185419 3181501
3185419 3181501
3185421 3181502
3185424 3181500
3185427 3181502
3185426 3181503
3185427 3181506
3185429 3181506
3185430 3181506
# burst 20
3185428 3181507
3185432 3181508
3185431 3181507
3185432 3181508
3185434 3181508
3185435 3181511
3185436 3181510
3185438 3181510
3185438 3181512
3185441 3181513
3185443 3181512
3185442 3181513
3185444 3181514
3185446 3181514
3185446 3181514
3185448 3181514
3185449 3181515
3185450 3181515
3185453 3181515
3185452 3181514
# burst 40
3185456 3181516
3185459 3181517
3185463 3181517
3186456 3182345
3186459 3182349
3186463 3182349
3186465 3182350
3186469 3182352
3186471 3182352
3186471 3182354
3186474 3182354
3186478 3182356
3186479 3182357
3186479 3182357
3186481 3182358
3186478 3182355
3186479 3182357
3186482 3182357
3186484 3182360
3186485 3182359
3186489 3182360
3186489 3182362
3186492 3182364
3186494 3182364
3186497 3182366
3186499 3182367
3186499 3182368
3186497 3182366
3186494 3182363
3186490 3182360
3186480 3182356
3186468 3182349
3186457 3182343
3186452 3182341
3186445 3182338
3186442 3182338
3186441 3182339
3186441 3182338
3186440 3182341
3186438 3182339
# burst 40
3186438 3182339
3186439 3182340
3186440 3182342
3186442 3182342
3186445 3182346
3186449 3182348
3186452 3182350
3186457 3182351
3186459 3182354
3186465 3182357
3186471 3182360
3186476 3182363
3186480 3182366
3186484 3182367
3186490 3182369
3186493 3182372
3186497 3182374
3186500 3182376
3186503 3182380
3186506 3182380
3186509 3182383
3186512 3182385
3186515 3182385
3186517 3182388
3186518 3182389
3186518 3182389
3186520 3182391
3186521 3182393
3186522 3182392
3186522 3182393
3186525 3182393
3186526 3182395
3186525 3182396
3186530 3182396
3186530 3182398
3186529 3182398
3186531 3182401
3186533 3182402
3186534 3182402
3186534 3182403
# burst 20
3186534 3182403
3186535 3182405
3186535 3182405
3186537 3182407
3186538 3182410
3186540 3182412
3186543 3182415
3186544 3182416
3186547 3182418
3186547 3182421
3186549 3182421
3186550 3182424
3186552 3182428
3186553 3182429
3186555 3182429
3186555 3182433
3186555 3182434
3186559 3182435
3186559 3182438
3186558 3182437
# burst 40
3186559 3182438
3187490 3183217
3187492 3183220
3187495 3183223
3187498 3183226
3187502 3183229
3187502 3183232
3187505 3183233
3187507 3183237
3187510 3183239
3187514 3183243
3187518 3183246
3187524 3183251
3187527 3183253
3187530 3183256
3187533 3183257
3187537 3183261
3187539 3183265
3187544 3183265
3187549 3183271
3187554 3183277
3187558 3183277
3187564 3183283
3187568 3183284
3187573 3183288
3187576 3183293
3187582 3183299
3187588 3183303
3187592 3183309
3187599 3183312
3187602 3183316
3187610 3183323
3187616 3183328
3187621 3183335
3187627 3183342
3187633 3183347
3187637 3183351
3187642 3183357
3187647 3183363
3187650 3183367
# burst 40
3187655 3183371
3187658 3183378
3187660 3183382
3187663 3183384
3187664 3183387
3187665 3183388
3187663 3183389
3187661 3183390
3187659 3183388
3187655 3183388
3187650 3183389
3187645 3183384
3187636 3183380
3187627 3183376
3187616 3183372
3187609 3183365
3187601 3183363
3187595 3183358
3187588 3183357
3187581 3183354
3187575 3183351
3187573 3183350
3187570 3183350
3187570 3183348
3187568 3183346
3187565 3183342
3187565 3183341
3187565 3183339
3187562 3183336
3187561 3183334
3187562 3183331
3187562 3183330
3187563 3183328
3187563 3183324
3187563 3183321
3187565 3183320
3187567 3183318
3187573 3183319
3187575 3183318
3187578 3183318
# burst 20
3187583 3183320
3187584 3183318
3187588 3183319
3187591 3183321
3187592 3183321
3187596 3183321
3187595 3183324
3187599 3183326
3187603 3183327
3187604 3183327
3187606 3183329
3187607 3183329
3187608 3183328
3187610 3183331
3187614 3183334
3187617 3183336
3187621 3183336
3187624 3183338
3187628 3183340
3187633 3183344
# burst 40
3187637 3183348
3188636 3184178
3188642 3184180
3188646 3184185
3188654 3184189
3188657 3184192
3188663 3184197
3188669 3184202
3188672 3184205
3188678 3184210
3188682 3184213
3188684 3184217
3188687 3184219
3188693 3184223
3188694 3184225
3188697 3184229
3188699 3184231
3188704 3184235
3188708 3184237
3188713 3184242
3188716 3184245
3188719 3184248
3188721 3184250
3188722 3184253
3188726 3184255
3188727 3184256
3188727 3184258
3188728 3184258
3188728 3184260
3188730 3184260
3188729 3184261
3188728 3184261
3188728 3184263
3188729 3184263
3188730 3184265
3188735 3184267
3188733 3184268
3188735 3184268
3188736 3184269
3188735 3184267
# burst 40
3188737 3184268
3188736 3184270
3188738 3184270
3188738 3184273
3188741 3184272
3188741 3184272
3188741 3184274
3188740 3184275
3188736 3184275
3188733 3184273
3188732 3184272
3188732 3184272
3188731 3184273
3188731 3184274
3188731 3184273
3188731 3184272
3188730 3184272
3188731 3184273
3188731 3184271
3188729 3184272
3188731 3184272
3188731 3184271
3188732 3184273
3188733 3184272
3188733 3184272
3188734 3184271
3188734 3184273
3188735 3184272
3188735 3184272
3188734 3184271
3188735 3184271
3188737 3184273
3188738 3184274
3188738 3184273
3188737 3184275
3188738 3184272
3188737 3184273
3188738 3184274
3188736 3184274
3188737 3184273
# burst 20
3188738 3184274
3188737 3184276
3188739 3184272
3188738 3184275
3188738 3184274
3188739 3184274
3188740 3184274
3188739 3184273
3188739 3184272
3188739 3184273
3188737 3184273
3188738 3184273
3188738 3184272
3188738 3184273
3188737 3184272
3188736 3184272
3188736 3184273
3188732 3184272
3188731 3184268
3188728 3184265
# burst 40
3188727 3184264
3188727 3184260
3188725 3184259
3188722 3184253
3188719 3184249
3188716 3184245
3188712 3184237
3188708 3184230
3188704 3184223
3188700 3184217
3188697 3184211
3188694 3184200
3188689 3184193
3188680 3184185
3188676 3184176
3188670 3184170
3188663 3184161
3188652 3184151
3188646 3184142
3188637 3184134
3188629 3184122
3188618 3184111
3188608 3184100
3188597 3184085
3188588 3184073
3188579 3184063
3188571 3184053
3188566 3184040
3188558 3184028
3188557 3184021
3188551 3184010
3188551 3184006
3188555 3184005
3188559 3184006
3188560 3184007
3188562 3184006
3188568 3184010
3188571 3184013
3188571 3184014
3188570 3184013
# burst 40
3188573 3184013
3188573 3184015
3188574 3184015
3188573 3184013
3188573 3184013
3188575 3184015
3188576 3184017
3188577 3184016
3188580 3184018
3188580 3184021
3188582 3184023
3188580 3184019
3188575 3184017
3188572 3184014
3188563 3184009
3188556 3184003
3188550 3183998
3188542 3183992
3188531 3183985
3188522 3183978
3188513 3183971
3188505 3183967
3188502 3183966
3188501 3183963
3188497 3183961
3188499 3183961
3188497 3183958
3188497 3183960
3188501 3183962
3188503 3183963
3188508 3183964
3188511 3183964
3188516 3183967
3188524 3183972
3188530 3183973
3188538 3183977
3188549 3183981
3188554 3183986
3188555 3183986
3188556 3183985
# burst 20
3188559 3183984
3188557 3183984
3188560 3183985
3188556 3183983
3188555 3183983
3188559 3183985
3188564 3183992
3188573 3183997
3188581 3184003
3188590 3184012
3188604 3184025
3188617 3184036
3188629 3184049
3188640 3184058
3188648 3184068
3188655 3184076
3188663 3184087
3188674 3184095
3188683 3184106
3188693 3184117
# burst 40
3188705 3184129
3188717 3184140
3188728 3184150
3188737 3184161
3188743 3184169
3188753 3184180
3188763 3184192
3188772 3184199
3188781 3184210
3188788 3184218
3188798 3184228
3188806 3184236
3188815 3184244
3188822 3184251
3188827 3184259
3188832 3184266
3188837 3184274
3188842 3184279
3188845 3184284
3188847 3184288
3188849 3184289
3188852 3184293
3188857 3184300
3188861 3184305
3188867 3184312
3188871 3184319
3188876 3184324
3188879 3184330
3188879 3184334
3188880 3184335
3188881 3184337
3188880 3184338
3188880 3184337
3188878 3184338
3188879 3184338
3188877 3184339
3188877 3184341
3188876 3184344
3188877 3184342
3188872 3184343
# burst 40
3188870 3184342
3188867 3184342
3188865 3184343
3188863 3184344
3188861 3184343
3188862 3184344
3188860 3184345
3188864 3184349
3188865 3184351
3188868 3184353
3188871 3184358
3188871 3184361
3188873 3184364
3188871 3184365
3188873 3184368
3188872 3184371
3188872 3184373
3188873 3184373
3188872 3184375
3188873 3184376
3188873 3184377
3188876 3184378
3188874 3184379
3188876 3184379
3188877 3184379
3188876 3184382
3188879 3184384
3188881 3184385
3188882 3184387
3188884 3184389
3188884 3184390
3188888 3184391
3188886 3184393
3188887 3184394
3188886 3184393
3188886 3184393
3188888 3184396
3188889 3184396
3188891 3184395
3188891 3184396
# burst 20
3188890 3184397
3188890 3184396
3188895 3184401
3188895 3184400
3188893 3184401
3188893 3184401
3188896 3184403
3188896 3184402
3188896 3184402
3188897 3184403
3188899 3184405
3188899 3184404
3188897 3184405
3188898 3184406
3188899 3184407
3188901 3184405
3188900 3184405
3188902 3184407
3188903 3184407
3188903 3184409
# burst 40
3188903 3184409
3188905 3184410
3188904 3184412
3188902 3184410
3188903 3184414
3188901 3184412
3188900 3184411
3188900 3184411
3188899 3184411
3188899 3184410
3188896 3184406
3188894 3184406
3188892 3184405
3188890 3184403
3188890 3184402
3188888 3184399
3188884 3184397
3188882 3184396
3188882 3184396
3188881 3184395
3188881 3184393
3188880 3184392
3188882 3184392
3188880 3184393
3188881 3184393
3188881 3184392
3188881 3184392
3188879 3184391
3188878 3184390
3188878 3184389
3188878 3184389
3188877 3184389
3188878 3184389
3188877 3184389
3188875 3184388
3188877 3184390
3188878 3184389
3188878 3184390
3188879 3184391
3188881 3184392
# burst 40
3188881 3184393
3188881 3184397
3188885 3184396
3188881 3184397
3188883 3184399
3188881 3184399
3188880 3184398
3188879 3184397
3188877 3184396
3188876 3184394
3188876 3184394
3188875 3184393
3188875 3184395
3188876 3184393
3188877 3184392
3188876 3184392
3188878 3184392
3188874 3184391
3188875 3184391
3188877 3184389
3188875 3184389
3188875 3184388
3188876 3184389
3188878 3184387
3188878 3184385
3188879 3184384
3188880 3184384
3188879 3184383
3188880 3184383
3188881 3184384
3188882 3184385
3188881 3184385
3188884 3184385
3188887 3184387
3188888 3184386
3188889 3184387
3188891 3184386
3188892 3184388
3188894 3184387
3188897 3184389
# burst 20
3188897 3184387
3188900 3184387
3188901 3184388
3188902 3184389
3188904 3184390
3188909 3184390
3188910 3184392
3188911 3184392
3188911 3184394
3188912 3184394
3188912 3184396
3188912 3184396
3188914 3184398
3188913 3184398
3188916 3184402
3188915 3184401
3188915 3184403
3188915 3184405
3188914 3184406
3188914 3184408
# burst 40
3188914 3184410
3188914 3184410
3188913 3184411
3188912 3184411
3188911 3184410
3188911 3184409
3188910 3184409
3188907 3184409
3188908 3184409
3188907 3184409
3188905 3184409
3188906 3184410
3188905 3184410
3188902 3184410
3188904 3184408
3188902 3184411
3188901 3184410
3188901 3184409
3188899 3184408
3188897 3184407
3188897 3184406
3188896 3184405
3188893 3184404
3188892 3184404
3188891 3184402
3188891 3184401
3188888 3184402
3188890 3184401
3188890 3184401
3188888 3184400
3188887 3184401
3188888 3184400
3188889 3184401
3188889 3184402
3188891 3184405
3188893 3184404
3188895 3184407
3188894 3184410
3188896 3184411
3188894 3184411
# burst 40
3188896 3184412
3188893 3184412
3188892 3184412
3188889 3184412
3188888 3184411
3188888 3184410
3188884 3184409
3188885 3184410
3188882 3184409
3188882 3184407
3188879 3184405
3188880 3184406
3188879 3184405
3188880 3184405
3188879 3184405
3188880 3184404
3188880 3184402
3188880 3184404
3188881 3184403
3188882 3184403
3188884 3184402
3188882 3184401
3188883 3184400
3188882 3184400
3188881 3184400
3188883 3184400
3188884 3184400
3188885 3184400
3188885 3184399
3188884 3184401
3188887 3184401
3188886 3184400
3188886 3184400
3188887 3184400
3188886 3184400
3188887 3184399
3188888 3184399
3188886 3184400
3188887 3184399
3188887 3184398
# burst 20
3188888 3184398
3188889 3184398
3188890 3184399
3188889 3184397
3188889 3184397
3188890 3184398
3188891 3184397
3188891 3184396
3188892 3184395
3188891 3184396
3188891 3184394
3188890 3184395
3188890 3184396
3188891 3184394
3188891 3184395
3188891 3184394
3188891 3184396
3188891 3184396
3188890 3184395
3188891 3184393
# burst 40
3188893 3184396
3188891 3184395
3188891 3184395
3188890 3184395
3188891 3184395
3188890 3184393
3188890 3184394
3188888 3184393
3188890 3184392
3188889 3184392
3188889 3184392
3188888 3184391
3188889 3184390
3188888 3184391
3188888 3184389
3188888 3184389
3188889 3184388
3188886 3184388
3188886 3184388
3188883 3184387
3188885 3184387
3188885 3184387
3188885 3184386
3188884 3184385
3188887 3184385
3188887 3184386
3188885 3184387
3188886 3184386
3188887 3184388
3188886 3184385
3188886 3184386
3188885 3184385
3188885 3184386
3188883 3184385
3188887 3184384
3188888 3184388
3188890 3184389
3188890 3184390
3188888 3184391
3188888 3184391
# burst 40
3188884 3184391
3188883 3184392
3188882 3184391
3188878 3184389
3188875 3184386
3188871 3184384
3188870 3184383
3188867 3184381
3188866 3184381
3188865 3184381
3188865 3184380
3188864 3184380
3188863 3184379
3188865 3184380
3188864 3184380
3188868 3184381
3188868 3184382
3188870 3184381
3188869 3184379
3188871 3184380
3188872 3184381
3188874 3184379
3188876 3184381
3188875 3184380
3188877 3184380
3188877 3184379
3188878 3184378
3188879 3184380
3188880 3184380
3188880 3184380
3188881 3184379
3188882 3184380
3188882 3184381
3188882 3184380
3188881 3184381
3188884 3184382
3188883 3184381
3188885 3184378
3188883 3184380
3188883 3184381
# burst 20
3188885 3184380
3188884 3184379
3188885 3184378
3188883 3184378
3188880 3184378
3188881 3184376
3188880 3184376
3188880 3184374
3188880 3184374
3188880 3184374
3188878 3184372
3188878 3184370
3188878 3184372
3188877 3184370
3188879 3184372
3188878 3184370
3188880 3184372
3188879 3184371
3188881 3184372
3188881 3184373
# burst 40
3188882 3184373
3188881 3184373
3188882 3184372
3188882 3184372
3188882 3184374
3188883 3184373
3188882 3184372
3188884 3184373
3188882 3184372
3188885 3184372
3188884 3184372
3188883 3184370
3188883 3184371
3188881 3184368
3188883 3184370
3188882 3184369
3188882 3184368
3188881 3184367
3188880 3184365
3188880 3184365
3188880 3184364
3188880 3184363
3188879 3184364
3188880 3184364
3188880 3184362
3188882 3184364
3188880 3184363
3188879 3184361
3188882 3184363
3188880 3184362
3188881 3184363
3188881 3184361
3188881 3184362
3188882 3184362
3188884 3184363
3188885 3184366
3188885 3184369
3188887 3184370
3188885 3184370
3188884 3184369
# burst 40
3188879 3184368
3188879 3184368
3188878 3184366
3188875 3184366
3188873 3184364
3188870 3184364
3188870 3184364
3188870 3184364
3188869 3184362
3188873 3184363
3188872 3184364
3188872 3184364
3188875 3184364
3188875 3184363
3188874 3184362
3188876 3184363
3188876 3184362
3188877 3184362
3188877 3184361
3188877 3184359
3188878 3184359
3188877 3184357
3188878 3184358
3188876 3184358
3188879 3184358
3188879 3184357
3188880 3184357
3188880 3184359
3188880 3184357
3188881 3184359
3188880 3184359
3188881 3184360
3188881 3184361
3188882 3184362
3188881 3184360
3188881 3184361
3188881 3184359
3188881 3184359
3188881 3184358
3188883 3184359
# burst 20
3188883 3184360
3188882 3184361
3188882 3184360
3188882 3184360
3188881 3184359
3188882 3184360
3188881 3184359
3188882 3184359
3188883 3184359
3188883 3184360
3188883 3184360
3188882 3184358
3188882 3184358
3188881 3184359
3188882 3184358
3188883 3184357
3188882 3184356
3188883 3184357
3188884 3184356
3188883 3184357
# burst 40
3188881 3184356
3188883 3184357
3188883 3184357
3188884 3184358
3188885 3184357
3188884 3184358
3188884 3184356
3188885 3184357
3188886 3184357
3188885 3184357
3188884 3184357
3188884 3184355
3188886 3184356
3188886 3184357
3188886 3184356
3188888 3184357
3188888 3184360
3188889 3184360
3188892 3184361
3188894 3184363
3188895 3184366
3188893 3184367
3188892 3184366
3188889 3184365
3188887 3184366
3188883 3184362
3188881 3184360
3188880 3184360
3188879 3184360
3188878 3184358
3188876 3184359
3188876 3184356
3188875 3184358
3188876 3184356
3188877 3184357
3188878 3184357
3188878 3184357
3188878 3184355
3188880 3184354
3188880 3184354
# burst 40
3188879 3184352
3188880 3184352
3188880 3184353
3188882 3184352
3188881 3184352
3188883 3184352
3188884 3184350
3188884 3184351
3188885 3184352
3188885 3184351
3188886 3184353
3188885 3184354
3188886 3184352
3188885 3184352
3188887 3184353
3188885 3184354
3188888 3184354
3188887 3184352
3188887 3184352
3188888 3184351
3188886 3184351
3188887 3184351
3188885 3184350
3188888 3184349
3188887 3184351
3188887 3184349
3188887 3184349
3188887 3184350
3188886 3184349
3188885 3184348
3188886 3184347
3188886 3184347
3188888 3184347
3188887 3184346
3188885 3184347
3188886 3184347
3188887 3184348
3188887 3184346
3188888 3184346
3188887 3184347
# burst 20
3188886 3184346
3188886 3184344
3188887 3184346
3188886 3184344
3188886 3184344
3188885 3184344
3188887 3184345
3188886 3184344
3188887 3184346
3188887 3184345
3188885 3184345
3188887 3184346
3188889 3184345
3188888 3184347
3188889 3184348
3188889 3184349
3188892 3184349
3188892 3184351
3188896 3184353
3188897 3184355
# burst 40
3188898 3184359
3188897 3184360
3188896 3184362
3188893 3184360
3188890 3184357
3188888 3184356
3188887 3184357
3188885 3184358
3188883 3184355
3188881 3184356
3188880 3184355
3188877 3184353
3188875 3184351
3188876 3184350
3188876 3184353
3188878 3184352
3188876 3184353
3188877 3184353
3188879 3184352
3188879 3184352
3188881 3184351
3188883 3184354
3188883 3184353
3188882 3184352
3188885 3184353
3188889 3184353
3188887 3184352
3188890 3184352
3188889 3184353
3188890 3184354
3188890 3184352
3188891 3184354
3188894 3184353
3188892 3184354
3188894 3184354
3188895 3184354
3188896 3184354
3188896 3184353
3188894 3184352
3188894 3184353
# burst 40
3188895 3184352
3188894 3184352
3188896 3184354
3188897 3184355
3188896 3184353
3188897 3184356
3188896 3184355
3188895 3184355
3188896 3184352
3188895 3184354
3188896 3184353
3188895 3184353
3188896 3184352
3188897 3184354
3188896 3184352
3188897 3184352
3188896 3184352
3188896 3184351
3188897 3184350
3188897 3184351
3188899 3184351
3188897 3184350
3188898 3184349
3188899 3184351
3188899 3184350
3188899 3184352
3188899 3184351
3188899 3184352
3188899 3184350
3188900 3184351
3188901 3184352
3188901 3184350
3188902 3184351
3188902 3184353
3188903 3184354
3188903 3184353
3188902 3184353
3188902 3184352
3188903 3184352
3188903 3184352
# burst 20
3188902 3184351
3188902 3184351
3188904 3184350
3188904 3184351
3188904 3184351
3188905 3184352
3188909 3184352
3188907 3184354
3188908 3184354
3188909 3184357
3188911 3184359
3188912 3184361
3188911 3184362
3188908 3184362
3188906 3184361
3188900 3184358
3188897 3184357
3188895 3184356
3188893 3184355
3188888 3184353
# burst 40
3188885 3184352
3188885 3184350
3188881 3184349
3188880 3184345
3188876 3184346
3188874 3184345
3188874 3184342
3188873 3184343
3188875 3184344
3188876 3184344
3188876 3184343
3188877 3184344
3188877 3184345
3188878 3184344
3188879 3184343
3188883 3184343
3188883 3184344
3188882 3184344
3188883 3184343
3188885 3184343
3188886 3184343
3188887 3184343
3188889 3184342
3188889 3184343
3188888 3184342
3188888 3184343
3188891 3184345
3188890 3184343
3188891 3184343
3188891 3184344
3188892 3184344
3188890 3184344
3188889 3184344
3188893 3184343
3188891 3184343
3188892 3184342
3188891 3184343
3188891 3184342
3188892 3184342
3188892 3184342
# burst 40
3188890 3184341
3188892 3184340
3188891 3184341
3188892 3184340
3188893 3184341
3188893 3184342
3188895 3184342
3188896 3184342
3188894 3184341
3188896 3184341
3188895 3184340
3188895 3184340
3188895 3184342
3188897 3184339
3188897 3184341
3188896 3184342
3188899 3184343
3188899 3184342
3188899 3184342
3188900 3184344
3188900 3184343
3188900 3184344
3188903 3184343
3188903 3184344
3188904 3184344
3188905 3184347
3188904 3184345
3188906 3184345
3188905 3184345
3188905 3184345
3188907 3184344
3188906 3184345
3188907 3184344
3188908 3184344
3188908 3184345
3188909 3184346
3188907 3184345
3188909 3184347
3188909 3184347
3188908 3184345
# burst 20
3188910 3184347
3188913 3184347
3188914 3184348
3188913 3184348
3188912 3184351
3188914 3184353
3188913 3184353
3188908 3184354
3188903 3184350
3188900 3184349
3188896 3184346
3188896 3184347
3188892 3184343
3188887 3184344
3188883 3184341
3188881 3184339
3188877 3184337
3188874 3184336
3188874 3184335
3188871 3184332
# burst 40
3188871 3184333
3188870 3184333
3188871 3184332
3188868 3184332
3188869 3184330
3188869 3184331
3188872 3184332
3188872 3184333
3188873 3184331
3188877 3184331
3188878 3184332
3188880 3184331
3188881 3184333
3188881 3184333
3188883 3184334
3188883 3184333
3188883 3184333
3188885 3184336
3188886 3184337
3188885 3184335
3188886 3184335
3188888 3184334
3188888 3184336
3188887 3184337
3188889 3184337
3188889 3184336
3188889 3184336
3188888 3184337
3188890 3184336
3188891 3184337
3188892 3184337
3188892 3184338
3188893 3184337
3188893 3184339
3188895 3184337
3188897 3184338
3188896 3184338
3188897 3184339
3188895 3184339
3188900 3184339
# burst 40
3188900 3184340
3188899 3184340
3188902 3184341
3188903 3184340
3188904 3184341
3188904 3184342
3188905 3184340
3188905 3184340
3188904 3184338
3188904 3184341
3188904 3184341
3188907 3184340
3188907 3184340
3188908 3184339
3188906 3184339
3188910 3184340
3188910 3184340
3188910 3184342
3188910 3184342
3188911 3184342
3188911 3184342
3188912 3184342
3188913 3184342
3188912 3184343
3188914 3184341
3188912 3184340
3188914 3184339
3188914 3184342
3188913 3184341
3188915 3184343
3188915 3184342
3188915 3184340
3188917 3184342
3188915 3184340
3188918 3184342
3188919 3184342
3188919 3184344
3188921 3184345
3188922 3184349
3188921 3184348
# burst 20
3188918 3184349
3188917 3184348
3188912 3184346
3188908 3184346
3188906 3184343
3188901 3184341
3188899 3184338
3188895 3184338
3188892 3184336
3188885 3184336
3188886 3184333
3188882 3184332
3188881 3184331
3188879 3184329
3188878 3184329
3188878 3184329
3188877 3184330
3188879 3184327
3188879 3184328
3188880 3184327
# burst 40
3188882 3184328
3188885 3184331
3188887 3184328
3188887 3184328
3188888 3184329
3188891 3184330
3188892 3184331
3188892 3184330
3188893 3184331
3188893 3184332
3188895 3184334
3188897 3184334
3188899 3184335
3188899 3184336
3188899 3184335
3188900 3184337
3188899 3184337
3188901 3184336
3188901 3184335
3188901 3184335
3188900 3184335
3188902 3184335
3188901 3184334
3188901 3184333
3188900 3184334
3188902 3184332
3188900 3184333
3188901 3184332
3188900 3184332
3188901 3184331
3188901 3184330
3188900 3184330
3188901 3184332
3188901 3184330
3188899 3184331
3188901 3184332
3188903 3184332
3188903 3184331
3188903 3184331
3188903 3184331
# burst 40
3188903 3184330
3188905 3184331
3188907 3184331
3188905 3184330
3188906 3184333
3188907 3184331
3188908 3184333
3188908 3184334
3188908 3184334
3188909 3184334
3188912 3184333
3188911 3184334
3188911 3184336
3188911 3184334
3188912 3184334
3188912 3184335
3188913 3184335
3188915 3184336
3188915 3184334
3188915 3184337
3188916 3184334
3188916 3184336
3188916 3184335
3188916 3184335
3188915 3184335
3188916 3184334
3188915 3184335
3188917 3184336
3188916 3184338
3188919 3184337
3188919 3184340
3188915 3184336
3188912 3184337
3188907 3184337
3188902 3184333
3188896 3184333
3188893 3184329
3188890 3184328
3188883 3184325
3188878 3184323
# burst 20
3188874 3184319
3188870 3184317
3188867 3184314
3188863 3184314
3188861 3184312
3188861 3184312
3188861 3184312
3188862 3184311
3188863 3184312
3188861 3184313
3188865 3184313
3188866 3184313
3188866 3184314
3188869 3184313
3188872 3184314
3188874 3184315
3188876 3184315
3188878 3184316
3188880 3184317
3188882 3184317
# burst 40
3188884 3184319
3188889 3184320
3188889 3184322
3188890 3184321
3188891 3184321
3188890 3184322
3188891 3184322
3188892 3184323
3188894 3184322
3188892 3184322
3188894 3184322
3188894 3184323
3188898 3184323
3188897 3184325
3188901 3184325
3188899 3184325
3188900 3184324
3188901 3184324
3188902 3184325
3188903 3184325
3188905 3184325
3188904 3184325
3188906 3184325
3188907 3184326
3188906 3184326
3188907 3184325
3188908 3184327
3188910 3184325
3188911 3184327
3188911 3184328
3188914 3184328
3188913 3184328
3188914 3184327
3188913 3184328
3188915 3184326
3188915 3184328
3188914 3184327
3188917 3184327
3188917 3184327
3188919 3184329
# burst 40
3188920 3184329
3188920 3184331
3188920 3184330
3188923 3184330
3188923 3184330
3188922 3184329
3188923 3184331
3188923 3184332
3188924 3184332
3188923 3184332
3188925 3184334
3188926 3184333
3188926 3184334
3188927 3184333
3188928 3184333
3188929 3184336
3188926 3184335
3188930 3184335
3188928 3184333
3188930 3184334
3188930 3184336
3188932 3184338
3188931 3184337
3188931 3184337
3188931 3184338
3188933 3184341
3188934 3184340
3188931 3184342
3188927 3184342
3188922 3184338
3188919 3184337
3188916 3184336
3188912 3184335
3188907 3184332
3188903 3184330
3188899 3184327
3188894 3184325
3188888 3184323
3188883 3184320
3188883 3184319
# burst 20
3188878 3184317
3188876 3184316
3188876 3184314
3188875 3184313
3188875 3184314
3188875 3184314
3188875 3184312
3188875 3184313
3188876 3184311
3188876 3184310
3188876 3184310
3188879 3184312
3188880 3184312
3188884 3184313
3188884 3184313
3188886 3184315
3188888 3184314
3188888 3184314
3188891 3184316
3188889 3184315
