# burst 40
3210581 3472740
3341660 3472624
3341661 3472622
3341661 3472623
3341662 3472623
3341663 3472623
3341661 3472623
3341662 3472621
3341662 3472622
3341661 3472622
3341661 3472622
3341661 3472623
3341662 3472622
3341662 3472623
3341661 3472622
3341661 3472622
3341662 3472622
3341662 3472622
3341661 3472621
3341662 3472623
3341661 3472623
3341662 3472622
3341661 3472622
3341661 3472621
3341661 3472622
3341661 3472621
3341660 3472621
3341661 3472621
3341661 3472621
3341661 3472622
3341661 3472622
3341662 3472621
3341661 3472621
3341660 3472621
3341661 3472622
3341660 3472622
3341661 3472621
3341661 3472622
3341661 3472622
3341662 3472621
# burst 40
3341659 3472621
3341660 3472621
3341660 3472620
3341660 3472620
3341660 3472621
3341661 3472621
3341660 3472620
3341661 3472621
3341660 3472620
3341661 3472621
3341660 3472621
3341663 3472621
3341660 3472620
3341660 3472621
3341661 3472620
3341661 3472620
3341660 3472620
3341661 3472620
3341661 3472621
3341661 3472620
3341660 3472621
3341661 3472622
3341660 3472620
3341661 3472621
3341661 3472619
3341662 3472621
3341660 3472621
3341661 3472620
3341660 3472621
3341660 3472620
3341661 3472620
3341660 3472622
3341660 3472621
3341660 3472620
3341662 3472620
3341661 3472621
3341661 3472620
3341660 3472621
3341660 3472621
3341660 3472620
# burst 20
3341660 3472620
3341660 3472621
3341661 3472620
3341661 3472620
3341660 3472620
3341660 3472620
3341661 3472620
3341661 3472619
3341659 3472620
3341661 3472620
3341661 3472619
3341661 3472620
3341660 3472621
3341661 3472620
3341660 3472620
3341660 3472620
3341661 3472621
3341660 3472621
3341661 3472620
3341660 3472621
# burst 40
3341660 3472620
3175978 3173556
3175982 3173559
3175986 3173558
3175989 3173561
3175992 3173561
3175994 3173560
3175997 3173561
3176000 3173563
3176003 3173564
3176004 3173565
3176009 3173567
3176010 3173568
3176012 3173569
3176016 3173570
3176017 3173569
3176019 3173571
3176024 3173573
3176025 3173574
3176027 3173575
3176030 3173577
3176031 3173577
3176032 3173576
3176029 3173576
3176031 3173577
3176029 3173576
3176026 3173575
3176016 3173569
3176004 3173563
3175992 3173557
3175979 3173555
3175969 3173549
3175960 3173545
3175952 3173544
3175944 3173540
3175938 3173539
3175934 3173538
3175929 3173536
3175926 3173536
3175924 3173536
# burst 40
3175921 3173533
3175918 3173534
3175917 3173533
3175915 3173532
3175914 3173533
3175911 3173532
3175912 3173533
3175911 3173532
3175910 3173533
3175912 3173533
3175911 3173532
3175912 3173532
3175913 3173534
3175914 3173532
3175914 3173534
3175914 3173534
3175915 3173535
3175914 3173534
3175916 3173534
3175915 3173534
3175914 3173535
3175913 3173534
3175914 3173536
3175912 3173534
3175912 3173534
3175913 3173535
3175911 3173535
3175911 3173536
3175911 3173535
3175911 3173535
3175912 3173536
3175912 3173537
3175912 3173536
3175913 3173537
3175912 3173536
3175915 3173538
3175915 3173538
3175917 3173538
3175920 3173540
3175919 3173540
# burst 20
3175922 3173542
3175923 3173542
3175924 3173541
3175926 3173543
3175928 3173544
3175930 3173544
3175932 3173545
3175933 3173546
3175935 3173546
3175937 3173547
3175938 3173548
3175940 3173548
3175940 3173549
3175944 3173550
3175945 3173552
3175946 3173552
3175946 3173553
3175950 3173552
3175951 3173553
3175953 3173552
# burst 40
3175955 3173556
3176919 3174364
3176922 3174366
3176923 3174366
3176923 3174366
3176925 3174368
3176927 3174369
3176928 3174371
3176930 3174371
3176932 3174371
3176932 3174372
3176934 3174373
3176937 3174375
3176938 3174375
3176940 3174375
3176940 3174377
3176942 3174377
3176945 3174378
3176947 3174378
3176949 3174381
3176951 3174381
3176952 3174381
3176954 3174384
3176956 3174382
3176957 3174386
3176959 3174385
3176962 3174385
3176962 3174387
3176965 3174388
3176969 3174388
3176970 3174390
3176971 3174390
3176974 3174393
3176975 3174393
3176977 3174394
3176980 3174395
3176980 3174397
3176982 3174396
3176982 3174395
3176980 3174394
# burst 40
3176975 3174393
3176969 3174389
3176958 3174384
3176949 3174379
3176938 3174376
3176925 3174371
3176915 3174366
3176905 3174365
3176899 3174361
3176892 3174359
3176886 3174356
3176881 3174354
3176878 3174354
3176873 3174352
3176873 3174350
3176870 3174349
3176869 3174348
3176868 3174347
3176867 3174348
3176865 3174347
3176865 3174346
3176865 3174346
3176865 3174345
3176864 3174343
3176865 3174344
3176867 3174344
3176868 3174344
3176870 3174344
3176871 3174344
3176871 3174344
3176870 3174343
3176872 3174343
3176871 3174344
3176873 3174343
3176872 3174342
3176872 3174343
3176871 3174344
3176870 3174342
3176870 3174343
3176869 3174342
# burst 20
3176870 3174342
3176868 3174341
3176868 3174342
3176869 3174341
3176869 3174341
3176868 3174341
3176870 3174341
3176869 3174341
3176869 3174341
3176870 3174339
3176870 3174341
3176872 3174342
3176873 3174342
3176875 3174341
3176877 3174343
3176876 3174343
3176878 3174342
3176880 3174344
3176881 3174344
3176882 3174345
# burst 40
3176884 3174346
3177745 3175059
3177746 3175059
3177749 3175061
3177751 3175062
3177752 3175063
3177754 3175062
3177755 3175064
3177756 3175065
3177758 3175065
3177761 3175067
3177763 3175066
3177764 3175067
3177765 3175067
3177766 3175067
3177770 3175068
3177771 3175069
3177772 3175071
3177774 3175070
3177777 3175072
3177775 3175074
3177780 3175074
3177781 3175075
3177782 3175075
3177784 3175075
3177786 3175077
3177786 3175077
3177789 3175078
3177790 3175079
3177792 3175080
3177794 3175082
3177796 3175082
3177799 3175084
3177800 3175084
3177803 3175086
3177804 3175085
3177805 3175086
3177807 3175088
3177808 3175088
3177806 3175088
# burst 40
3177801 3175085
3177793 3175082
3177785 3175077
3177772 3175074
3177759 3175069
3177747 3175064
3177737 3175060
3177726 3175056
3177717 3175053
3177708 3175048
3177703 3175045
3177696 3175043
3177692 3175041
3177688 3175038
3177683 3175038
3177681 3175035
3177677 3175034
3177675 3175032
3177674 3175032
3177672 3175030
3177668 3175029
3177666 3175026
3177666 3175027
3177665 3175025
3177665 3175026
3177663 3175024
3177664 3175024
3177665 3175024
3177665 3175024
3177666 3175025
3177666 3175023
3177667 3175023
3177666 3175022
3177666 3175022
3177665 3175022
3177666 3175022
3177664 3175022
3177665 3175020
3177664 3175020
3177663 3175018
# burst 20
3177661 3175017
3177660 3175016
3177660 3175016
3177659 3175015
3177659 3175015
3177657 3175014
3177657 3175014
3177657 3175012
3177657 3175014
3177657 3175013
3177658 3175013
3177659 3175012
3177660 3175012
3177660 3175012
3177662 3175012
3177662 3175013
3177662 3175014
3177665 3175014
3177667 3175013
3177668 3175014
# burst 40
3177672 3175015
3178645 3175834
3178649 3175835
3178650 3175837
3178651 3175836
3178655 3175840
3178655 3175839
3178658 3175839
3178659 3175840
3178661 3175840
3178663 3175842
3178664 3175842
3178666 3175842
3178668 3175842
3178670 3175843
3178670 3175843
3178673 3175843
3178675 3175845
3178677 3175843
3178676 3175843
3178680 3175843
3178681 3175847
3178684 3175847
3178684 3175847
3178687 3175846
3178688 3175848
3178692 3175849
3178692 3175850
3178695 3175851
3178696 3175852
3178699 3175852
3178701 3175853
3178703 3175854
3178706 3175856
3178710 3175858
3178712 3175858
3178716 3175859
3178717 3175861
3178719 3175861
3178721 3175863
# burst 40
3178723 3175863
3178723 3175863
3178722 3175863
3178720 3175862
3178712 3175859
3178701 3175855
3178691 3175850
3178677 3175847
3178666 3175842
3178655 3175837
3178645 3175833
3178639 3175830
3178631 3175828
3178624 3175827
3178619 3175825
3178614 3175821
3178612 3175822
3178610 3175821
3178606 3175821
3178604 3175819
3178602 3175816
3178601 3175817
3178597 3175815
3178598 3175815
3178596 3175815
3178595 3175814
3178595 3175814
3178594 3175813
3178595 3175813
3178596 3175813
3178598 3175814
3178599 3175813
3178600 3175814
3178601 3175814
3178602 3175814
3178603 3175814
3178604 3175813
3178601 3175813
3178603 3175814
3178603 3175815
# burst 20
3178602 3175814
3178602 3175814
3178601 3175813
3178600 3175815
3178602 3175813
3178602 3175814
3178602 3175815
3178603 3175814
3178605 3175815
3178607 3175815
3178606 3175816
3178606 3175816
3178608 3175817
3178609 3175816
3178610 3175818
3178613 3175818
3178615 3175820
3178615 3175819
3178618 3175820
3178619 3175821
# burst 40
3178624 3175821
3179534 3176592
3179536 3176594
3179539 3176592
3179541 3176591
3179543 3176594
3179547 3176593
3179547 3176594
3179550 3176595
3179552 3176596
3179554 3176598
3179558 3176598
3179559 3176598
3179561 3176600
3179565 3176601
3179568 3176600
3179569 3176602
3179571 3176602
3179574 3176604
3179576 3176606
3179576 3176606
3179581 3176608
3179583 3176610
3179586 3176611
3179588 3176612
3179590 3176613
3179591 3176614
3179593 3176613
3179597 3176615
3179598 3176616
3179600 3176617
3179604 3176618
3179604 3176618
3179606 3176620
3179610 3176621
3179611 3176622
3179613 3176623
3179614 3176623
3179617 3176624
3179619 3176626
# burst 40
3179622 3176627
3179623 3176629
3179626 3176629
3179627 3176629
3179629 3176629
3179632 3176630
3179635 3176632
3179636 3176635
3179638 3176635
3179641 3176636
3179644 3176637
3179645 3176638
3179647 3176639
3179650 3176642
3179652 3176643
3179655 3176644
3179655 3176645
3179655 3176645
3179654 3176644
3179654 3176643
3179647 3176640
3179639 3176638
3179625 3176631
3179610 3176627
3179596 3176621
3179584 3176617
3179574 3176614
3179563 3176612
3179554 3176609
3179547 3176608
3179541 3176605
3179539 3176604
3179534 3176604
3179530 3176604
3179528 3176603
3179526 3176602
3179524 3176602
3179522 3176601
3179518 3176599
3179519 3176599
# burst 20
3179515 3176600
3179516 3176599
3179515 3176599
3179516 3176599
3179515 3176600
3179516 3176600
3179517 3176600
3179518 3176600
3179517 3176601
3179518 3176602
3179519 3176602
3179519 3176601
3179519 3176601
3179518 3176602
3179518 3176603
3179517 3176602
3179519 3176602
3179518 3176601
3179518 3176602
3179516 3176601
# burst 40
3179517 3176603
3180486 3177416
3180486 3177415
3180486 3177415
3180486 3177417
3180487 3177417
3180487 3177418
3180489 3177417
3180489 3177418
3180489 3177419
3180491 3177421
3180492 3177420
3180495 3177421
3180496 3177421
3180497 3177422
3180500 3177423
3180502 3177423
3180502 3177425
3180506 3177425
3180507 3177426
3180508 3177428
3180510 3177430
3180512 3177429
3180514 3177429
3180519 3177431
3180519 3177431
3180521 3177433
3180523 3177434
3180526 3177434
3180526 3177436
3180529 3177437
3180530 3177437
3180532 3177438
3180534 3177439
3180537 3177440
3180539 3177441
3180540 3177442
3180543 3177443
3180543 3177443
3180548 3177445
# burst 40
3180548 3177446
3180550 3177444
3180555 3177447
3180554 3177449
3180558 3177450
3180561 3177452
3180561 3177450
3180563 3177452
3180565 3177455
3180568 3177455
3180569 3177455
3180570 3177456
3180573 3177459
3180576 3177459
3180576 3177460
3180580 3177461
3180583 3177462
3180585 3177463
3180586 3177466
3180590 3177466
3180592 3177467
3180592 3177468
3180595 3177469
3180598 3177470
3180599 3177471
3180602 3177471
3180604 3177473
3180605 3177473
3180607 3177475
3180610 3177475
3180613 3177476
3180614 3177475
3180614 3177476
3180616 3177477
3180615 3177475
3180612 3177477
3180608 3177473
3180598 3177470
3180585 3177465
3180571 3177460
# burst 20
3180559 3177457
3180546 3177453
3180537 3177450
3180528 3177449
3180520 3177445
3180513 3177445
3180509 3177444
3180507 3177443
3180503 3177442
3180502 3177443
3180501 3177442
3180500 3177442
3180499 3177442
3180497 3177440
3180495 3177440
3180494 3177440
3180496 3177441
3180496 3177441
3180495 3177442
3180498 3177443
# burst 40
3180499 3177443
3181345 3178150
3181346 3178150
3181348 3178150
3181347 3178152
3181349 3178152
3181348 3178151
3181351 3178152
3181352 3178152
3181350 3178153
3181351 3178152
3181351 3178153
3181351 3178152
3181349 3178153
3181350 3178153
3181350 3178154
3181352 3178154
3181351 3178154
3181352 3178155
3181352 3178156
3181353 3178157
3181353 3178158
3181356 3178158
3181356 3178158
3181357 3178159
3181360 3178160
3181362 3178162
3181364 3178163
3181365 3178163
3181367 3178164
3181371 3178164
3181374 3178165
3181375 3178168
3181377 3178169
3181379 3178168
3181381 3178169
3181383 3178171
3181385 3178170
3181388 3178171
3181392 3178173
# burst 40
3181394 3178173
3181397 3178175
3181398 3178176
3181399 3178176
3181401 3178177
3181404 3178179
3181406 3178179
3181408 3178179
3181412 3178181
3181413 3178183
3181416 3178183
3181416 3178184
3181419 3178185
3181422 3178186
3181424 3178185
3181427 3178187
3181429 3178188
3181430 3178189
3181431 3178190
3181434 3178191
3181437 3178192
3181440 3178192
3181441 3178193
3181444 3178195
3181446 3178197
3181451 3178198
3181451 3178198
3181455 3178200
3181456 3178201
3181459 3178202
3181460 3178203
3181462 3178204
3181464 3178203
3181465 3178204
3181462 3178204
3181459 3178202
3181451 3178199
3181437 3178193
3181424 3178188
3181412 3178185
# burst 20
3181400 3178180
3181389 3178179
3181378 3178174
3181370 3178172
3181363 3178169
3181357 3178169
3181354 3178168
3181352 3178167
3181348 3178166
3181347 3178165
3181343 3178165
3181342 3178165
3181342 3178163
3181339 3178164
3181340 3178164
3181339 3178164
3181339 3178165
3181338 3178164
3181340 3178166
3181340 3178166
# burst 40
3181339 3178168
3182316 3178985
3182316 3178986
3182314 3178984
3182314 3178986
3182313 3178984
3182311 3178984
3182311 3178983
3182309 3178983
3182308 3178984
3182305 3178981
3182305 3178981
3182303 3178979
3182303 3178977
3182302 3178977
3182301 3178977
3182303 3178974
3182302 3178973
3182302 3178974
3182304 3178975
3182305 3178973
3182307 3178974
3182311 3178975
3182313 3178976
3182313 3178975
3182316 3178973
3182320 3178976
3182321 3178976
3182322 3178976
3182327 3178978
3182329 3178978
3182330 3178979
3182335 3178980
3182337 3178979
3182340 3178981
3182342 3178982
3182345 3178981
3182347 3178984
3182350 3178985
3182354 3178986
# burst 40
3182356 3178987
3182358 3178990
3182361 3178991
3182364 3178992
3182366 3178994
3182369 3178996
3182371 3178999
3182372 3179000
3182374 3179003
3182377 3179003
3182377 3179005
3182380 3179007
3182382 3179010
3182384 3179012
3182384 3179012
3182386 3179013
3182385 3179014
3182386 3179017
3182387 3179016
3182389 3179017
3182391 3179019
3182391 3179021
3182393 3179020
3182395 3179020
3182395 3179021
3182397 3179022
3182400 3179021
3182402 3179023
3182402 3179022
3182404 3179024
3182406 3179025
3182409 3179025
3182410 3179026
3182412 3179028
3182413 3179028
3182415 3179028
3182415 3179028
3182413 3179026
3182407 3179023
3182397 3179019
# burst 20
3182386 3179015
3182373 3179012
3182359 3179008
3182349 3179003
3182338 3179000
3182328 3178998
3182320 3178994
3182311 3178993
3182305 3178993
3182303 3178993
3182299 3178991
3182299 3178991
3182295 3178989
3182294 3178988
3182293 3178989
3182292 3178989
3182291 3178990
3182289 3178989
3182288 3178988
3182288 3178988
# burst 40
3182289 3178988
3183206 3179758
3183207 3179759
3183207 3179759
3183208 3179760
3183207 3179760
3183207 3179761
3183207 3179760
3183207 3179760
3183206 3179760
3183205 3179760
3183203 3179760
3183203 3179758
3183201 3179758
3183200 3179759
3183201 3179758
3183199 3179756
3183196 3179756
3183196 3179755
3183194 3179755
3183193 3179755
3183193 3179756
3183192 3179754
3183194 3179755
3183194 3179755
3183194 3179755
3183193 3179754
3183196 3179755
3183197 3179753
3183197 3179756
3183198 3179755
3183200 3179755
3183202 3179755
3183207 3179756
3183205 3179757
3183210 3179756
3183211 3179757
3183215 3179759
3183218 3179759
3183222 3179762
# burst 40
3183223 3179762
3183227 3179765
3183232 3179767
3183233 3179767
3183238 3179768
3183242 3179770
3183244 3179772
3183247 3179774
3183251 3179776
3183255 3179777
3183260 3179780
3183262 3179782
3183263 3179783
3183268 3179785
3183271 3179787
3183274 3179789
3183276 3179790
3183279 3179792
3183283 3179794
3183287 3179796
3183290 3179799
3183291 3179799
3183297 3179801
3183300 3179804
3183303 3179806
3183304 3179806
3183308 3179809
3183311 3179809
3183315 3179812
3183317 3179813
3183321 3179816
3183325 3179818
3183329 3179819
3183332 3179821
3183336 3179824
3183341 3179826
3183345 3179828
3183349 3179831
3183352 3179832
3183355 3179834
# burst 20
3183357 3179835
3183356 3179836
3183351 3179833
3183344 3179831
3183334 3179827
3183319 3179822
3183304 3179817
3183291 3179815
3183278 3179810
3183266 3179807
3183257 3179803
3183248 3179800
3183238 3179796
3183234 3179796
3183229 3179794
3183226 3179793
3183224 3179793
3183221 3179793
3183220 3179793
3183218 3179793
# burst 40
3183219 3179791
3184188 3180603
3184187 3180603
3184189 3180603
3184188 3180603
3184190 3180603
3184192 3180604
3184193 3180604
3184197 3180603
3184198 3180604
3184199 3180604
3184200 3180604
3184204 3180605
3184202 3180605
3184203 3180604
3184203 3180604
3184202 3180603
3184201 3180603
3184200 3180603
3184199 3180604
3184196 3180601
3184196 3180601
3184196 3180602
3184195 3180602
3184194 3180602
3184193 3180599
3184191 3180600
3184191 3180600
3184193 3180600
3184193 3180599
3184192 3180597
3184193 3180597
3184194 3180597
3184194 3180596
3184195 3180597
3184196 3180596
3184199 3180597
3184200 3180597
3184201 3180597
3184202 3180597
# burst 40
3184203 3180597
3184205 3180597
3184206 3180595
3184208 3180596
3184209 3180595
3184210 3180596
3184213 3180595
3184215 3180594
3184218 3180595
3184219 3180595
3184221 3180593
3184221 3180596
3184225 3180595
3184226 3180596
3184227 3180597
3184231 3180597
3184231 3180595
3184232 3180596
3184234 3180597
3184236 3180598
3184239 3180597
3184240 3180598
3184242 3180598
3184246 3180599
3184248 3180601
3184250 3180602
3184252 3180603
3184255 3180603
3184259 3180603
3184261 3180605
3184263 3180606
3184266 3180608
3184267 3180608
3184269 3180609
3184270 3180608
3184270 3180609
3184265 3180607
3184255 3180603
3184245 3180601
3184231 3180597
# burst 20
3184217 3180592
3184204 3180588
3184192 3180584
3184180 3180580
3184171 3180578
3184163 3180575
3184159 3180573
3184156 3180571
3184149 3180571
3184147 3180568
3184143 3180566
3184143 3180566
3184141 3180565
3184140 3180564
3184139 3180564
3184140 3180562
3184140 3180563
3184139 3180561
3184141 3180562
3184141 3180563
# burst 40
3184145 3180561
3185020 3181259
3185022 3181260
3185025 3181260
3185029 3181261
3185030 3181261
3185031 3181261
3185035 3181263
3185037 3181263
3185039 3181262
3185040 3181264
3185042 3181264
3185041 3181264
3185042 3181265
3185045 3181266
3185045 3181267
3185042 3181267
3185045 3181268
3185046 3181270
3185048 3181269
3185047 3181272
3185049 3181273
3185051 3181273
3185052 3181275
3185053 3181274
3185054 3181277
3185058 3181278
3185060 3181280
3185062 3181280
3185064 3181282
3185067 3181284
3185069 3181283
3185073 3181286
3185075 3181289
3185078 3181287
3185083 3181290
3185086 3181291
3185088 3181292
3185093 3181293
3185095 3181295
# burst 40
3185096 3181295
3185102 3181296
3185103 3181299
3185107 3181299
3185109 3181300
3185112 3181301
3185114 3181302
3185116 3181303
3185120 3181305
3185124 3181306
3185126 3181306
3185129 3181308
3185129 3181310
3185132 3181310
3185133 3181310
3185138 3181313
3185138 3181312
3185141 3181312
3185145 3181314
3185145 3181316
3185148 3181314
3185149 3181315
3185150 3181315
3185152 3181316
3185154 3181315
3185154 3181316
3185157 3181316
3185160 3181317
3185164 3181319
3185163 3181319
3185167 3181320
3185169 3181322
3185170 3181321
3185174 3181323
3185175 3181324
3185179 3181325
3185180 3181326
3185184 3181327
3185186 3181329
3185188 3181330
# burst 20
3185186 3181330
3185182 3181329
3185174 3181326
3185158 3181320
3185142 3181314
3185126 3181309
3185110 3181304
3185095 3181299
3185081 3181295
3185070 3181290
3185060 3181290
3185055 3181286
3185048 3181284
3185044 3181283
3185039 3181281
3185035 3181280
3185032 3181278
3185030 3181277
3185028 3181275
3185025 3181276
# burst 40
3185024 3181275
3186003 3182095
3186002 3182094
3186000 3182092
3186000 3182093
3185999 3182093
3185999 3182092
3186001 3182092
3186002 3182092
3186003 3182092
3186002 3182092
3186004 3182092
3186007 3182092
3186006 3182091
3186006 3182093
3186004 3182092
3186006 3182090
3186006 3182092
3186004 3182091
3186005 3182090
3186005 3182091
3186004 3182091
3186004 3182090
3186004 3182090
3186004 3182089
3186006 3182092
3186004 3182092
3186006 3182091
3186007 3182092
3186007 3182092
3186009 3182093
3186011 3182093
3186012 3182092
3186015 3182095
3186017 3182094
3186020 3182095
3186020 3182095
3186024 3182098
3186026 3182097
3186030 3182099
# burst 40
3186033 3182100
3186033 3182101
3186038 3182102
3186041 3182103
3186042 3182104
3186047 3182105
3186050 3182107
3186052 3182108
3186054 3182107
3186057 3182108
3186060 3182111
3186063 3182110
3186066 3182111
3186068 3182113
3186071 3182114
3186074 3182114
3186078 3182116
3186079 3182117
3186081 3182118
3186083 3182119
3186088 3182120
3186087 3182119
3186093 3182123
3186094 3182122
3186097 3182125
3186099 3182125
3186102 3182126
3186105 3182126
3186108 3182127
3186110 3182128
3186111 3182129
3186114 3182131
3186117 3182130
3186117 3182132
3186121 3182134
3186124 3182136
3186129 3182136
3186130 3182137
3186133 3182138
3186135 3182140
# burst 20
3186137 3182139
3186140 3182141
3186144 3182143
3186145 3182143
3186149 3182146
3186151 3182146
3186154 3182146
3186157 3182149
3186159 3182148
3186165 3182151
3186163 3182150
3186166 3182152
3186168 3182153
3186171 3182154
3186173 3182155
3186173 3182154
3186171 3182154
3186166 3182154
3186158 3182149
3186144 3182144
# burst 40
3186128 3182139
3187031 3182902
3187012 3182899
3187000 3182895
3186986 3182892
3186978 3182890
3186968 3182886
3186964 3182887
3186957 3182884
3186953 3182885
3186951 3182884
3186948 3182883
3186946 3182883
3186947 3182884
3186944 3182883
3186943 3182883
3186942 3182883
3186941 3182882
3186941 3182882
3186941 3182882
3186943 3182885
3186945 3182885
3186947 3182887
3186948 3182887
3186949 3182889
3186949 3182889
3186951 3182889
3186953 3182891
3186954 3182891
3186953 3182891
3186952 3182894
3186951 3182893
3186951 3182893
3186948 3182893
3186946 3182893
3186945 3182895
3186944 3182893
3186941 3182894
3186941 3182894
3186940 3182895
# burst 40
3186940 3182893
3186941 3182895
3186943 3182895
3186943 3182894
3186947 3182895
3186949 3182895
3186951 3182894
3186955 3182897
3186960 3182897
3186964 3182897
3186968 3182899
3186971 3182900
3186977 3182900
3186979 3182900
3186984 3182902
3186989 3182905
3186994 3182907
3187000 3182906
3187003 3182909
3187007 3182910
3187013 3182911
3187018 3182912
3187022 3182915
3187025 3182915
3187030 3182918
3187036 3182921
3187038 3182922
3187043 3182925
3187050 3182928
3187054 3182930
3187060 3182934
3187063 3182936
3187068 3182939
3187072 3182941
3187077 3182943
3187079 3182947
3187083 3182950
3187088 3182952
3187089 3182956
3187094 3182956
# burst 20
3187094 3182961
3187100 3182963
3187102 3182963
3187105 3182966
3187109 3182969
3187109 3182970
3187113 3182970
3187114 3182971
3187117 3182975
3187121 3182977
3187121 3182979
3187126 3182978
3187127 3182981
3187129 3182983
3187133 3182985
3187132 3182986
3187134 3182987
3187138 3182989
3187142 3182991
3187142 3182991
# burst 40
3187145 3182992
3188131 3183813
3188135 3183813
3188134 3183813
3188136 3183815
3188140 3183815
3188141 3183815
3188144 3183817
3188144 3183814
3188142 3183814
3188138 3183813
3188128 3183809
3188115 3183803
3188097 3183796
3188080 3183790
3188061 3183781
3188044 3183777
3188027 3183771
3188016 3183769
3188002 3183764
3187992 3183761
3187984 3183759
3187979 3183758
3187972 3183755
3187968 3183754
3187965 3183751
3187961 3183751
3187960 3183751
3187957 3183751
3187954 3183750
3187954 3183750
3187951 3183750
3187951 3183749
3187951 3183749
3187951 3183748
3187952 3183749
3187954 3183749
3187954 3183749
3187953 3183749
3187956 3183749
# burst 40
3187955 3183748
3187955 3183748
3187958 3183747
3187955 3183748
3187954 3183748
3187952 3183746
3187951 3183745
3187948 3183744
3187948 3183744
3187946 3183743
3187944 3183742
3187944 3183739
3187942 3183739
3187943 3183739
3187941 3183736
3187942 3183737
3187941 3183736
3187942 3183735
3187942 3183734
3187943 3183734
3187946 3183734
3187946 3183733
3187949 3183734
3187952 3183733
3187954 3183736
3187956 3183734
3187959 3183735
3187964 3183735
3187968 3183737
3187970 3183738
3187975 3183738
3187979 3183739
3187983 3183740
3187986 3183743
3187991 3183743
3187995 3183746
3187998 3183747
3188001 3183749
3188006 3183750
3188010 3183754
# burst 20
3188014 3183754
3188017 3183757
3188021 3183760
3188026 3183760
3188027 3183760
3188030 3183761
3188034 3183764
3188036 3183763
3188038 3183767
3188042 3183766
3188043 3183767
3188046 3183768
3188049 3183769
3188052 3183772
3188054 3183771
3188057 3183771
3188060 3183773
3188061 3183774
3188064 3183774
3188065 3183776
# burst 40
3188068 3183778
3188072 3183778
3188074 3183779
3188075 3183779
3188077 3183780
3188080 3183779
3188078 3183777
3188075 3183777
3188067 3183775
3188056 3183768
3188041 3183761
3188026 3183756
3188009 3183752
3187993 3183745
3187980 3183739
3187968 3183735
3187957 3183731
3187948 3183728
3187941 3183724
3187937 3183723
3187932 3183719
3187928 3183719
3187926 3183718
3187921 3183717
3187922 3183716
3187920 3183714
3187919 3183714
3187916 3183712
3187919 3183713
3187918 3183712
3187919 3183712
3187917 3183712
3187922 3183714
3187923 3183711
3187924 3183711
3187926 3183713
3187926 3183712
3187928 3183714
3187930 3183711
3187930 3183713
# burst 40
3187930 3183712
3187931 3183711
3187929 3183712
3187930 3183711
3187928 3183708
3187926 3183711
3187930 3183711
3187926 3183710
3187927 3183709
3187926 3183708
3187926 3183708
3187926 3183708
3187928 3183708
3187928 3183707
3187928 3183707
3187930 3183708
3187932 3183707
3187933 3183706
3187935 3183708
3187938 3183710
3187941 3183709
3187943 3183710
3187946 3183711
3187948 3183711
3187953 3183712
3187954 3183713
3187957 3183714
3187963 3183717
3187966 3183718
3187970 3183721
3187971 3183719
3187976 3183722
3187980 3183724
3187982 3183723
3187986 3183725
3187990 3183725
3187993 3183727
3187994 3183728
3188000 3183730
3188003 3183730
# burst 20
3188007 3183731
3188010 3183733
3188013 3183734
3188018 3183736
3188021 3183737
3188022 3183738
3188025 3183739
3188029 3183740
3188034 3183742
3188035 3183744
3188039 3183744
3188042 3183745
3188047 3183747
3188048 3183750
3188052 3183751
3188056 3183752
3188057 3183751
3188062 3183753
3188064 3183754
3188067 3183757
# burst 40
3188070 3183759
3188074 3183760
3188078 3183761
3188080 3183760
3188084 3183764
3188087 3183763
3188089 3183766
3188094 3183766
3188096 3183767
3188100 3183768
3188102 3183769
3188104 3183772
3188108 3183772
3188113 3183774
3188114 3183774
3188117 3183777
3188114 3183777
3188112 3183775
3188104 3183772
3188087 3183765
3188069 3183759
3188051 3183753
3188032 3183748
3188014 3183742
3188001 3183737
3187986 3183735
3187976 3183730
3187968 3183730
3187960 3183728
3187957 3183725
3187951 3183725
3187948 3183723
3187944 3183722
3187942 3183721
3187939 3183720
3187937 3183719
3187934 3183717
3187932 3183717
3187930 3183717
3187928 3183715
# burst 40
3187927 3183715
3187928 3183716
3187927 3183714
3187929 3183714
3187928 3183715
3187931 3183716
3187932 3183715
3187934 3183715
3187935 3183715
3187934 3183716
3187934 3183714
3187934 3183713
3187935 3183714
3187934 3183714
3187935 3183714
3187931 3183713
3187932 3183713
3187930 3183715
3187927 3183713
3187928 3183715
3187926 3183714
3187926 3183714
3187926 3183715
3187925 3183714
3187926 3183715
3187926 3183716
3187927 3183717
3187930 3183718
3187929 3183717
3187934 3183717
3187935 3183719
3187937 3183718
3187940 3183718
3187943 3183720
3187947 3183721
3187952 3183721
3187955 3183722
3187959 3183722
3187961 3183724
3187966 3183725
# burst 20
3187968 3183724
3187972 3183724
3187975 3183724
3187979 3183726
3187981 3183726
3187985 3183724
3187988 3183725
3187992 3183727
3187994 3183725
3187997 3183726
3188000 3183728
3188004 3183728
3188008 3183730
3188012 3183731
3188016 3183734
3188020 3183736
3188023 3183737
3188027 3183738
3188030 3183742
3188036 3183743
# burst 40
3188038 3183744
3188040 3183748
3188043 3183748
3188047 3183750
3188051 3183752
3188052 3183753
3188055 3183755
3188058 3183756
3188061 3183758
3188063 3183759
3188067 3183759
3188070 3183761
3188071 3183762
3188074 3183762
3188075 3183764
3188079 3183767
3188081 3183768
3188084 3183769
3188087 3183772
3188091 3183772
3188094 3183774
3188098 3183777
3188103 3183778
3188105 3183780
3188109 3183783
3188111 3183786
3188115 3183786
3188119 3183788
3188122 3183791
3188126 3183793
3188128 3183793
3188130 3183794
3188129 3183795
3188130 3183794
3188128 3183793
3188123 3183791
3188109 3183784
3188093 3183778
3188075 3183771
3188055 3183766
# burst 40
3188037 3183759
3188021 3183753
3188007 3183750
3187995 3183746
3187985 3183742
3187976 3183740
3187971 3183738
3187965 3183737
3187960 3183738
3187955 3183737
3187952 3183738
3187952 3183735
3187947 3183735
3187945 3183736
3187944 3183735
3187942 3183735
3187941 3183736
3187939 3183735
3187939 3183733
3187940 3183734
3187940 3183734
3187940 3183734
3187941 3183735
3187941 3183735
3187941 3183734
3187943 3183734
3187943 3183735
3187942 3183735
3187943 3183736
3187941 3183734
3187941 3183735
3187940 3183734
3187938 3183734
3187937 3183732
3187937 3183733
3187937 3183735
3187936 3183733
3187934 3183734
3187935 3183733
3187936 3183734
# burst 20
3187936 3183734
3187935 3183735
3187936 3183733
3187939 3183735
3187942 3183737
3187943 3183736
3187946 3183738
3187949 3183737
3187952 3183738
3187952 3183738
3187955 3183738
3187960 3183740
3187964 3183740
3187964 3183740
3187970 3183742
3187974 3183742
3187979 3183745
3187985 3183746
3187987 3183748
3187992 3183749
# burst 40
3187996 3183751
3188003 3183756
3188008 3183759
3188011 3183759
3188015 3183763
3188021 3183765
3188025 3183768
3188029 3183772
3188034 3183773
3188037 3183777
3188042 3183780
3188044 3183781
3188048 3183784
3188052 3183786
3188055 3183787
3188058 3183791
3188060 3183790
3188063 3183792
3188064 3183793
3188066 3183793
3188068 3183795
3188070 3183795
3188073 3183796
3188075 3183798
3188078 3183800
3188079 3183800
3188081 3183801
3188083 3183801
3188085 3183803
3188087 3183801
3188089 3183804
3188090 3183805
3188093 3183803
3188097 3183806
3188097 3183808
3188099 3183808
3188102 3183807
3188104 3183809
3188106 3183810
3188109 3183812
# burst 40
3188111 3183811
3188112 3183812
3188112 3183813
3188110 3183813
3188105 3183811
3188094 3183806
3188077 3183802
3188059 3183796
3188040 3183790
3188024 3183785
3188007 3183781
3187993 3183776
3187979 3183774
3187971 3183770
3187960 3183767
3187953 3183766
3187949 3183763
3187945 3183762
3187941 3183759
3187936 3183757
3187936 3183754
3187933 3183753
3187933 3183751
3187930 3183749
3187932 3183750
3187933 3183747
3187932 3183746
3187933 3183746
3187934 3183745
3187936 3183744
3187937 3183743
3187938 3183744
3187939 3183744
3187943 3183743
3187943 3183742
3187944 3183743
3187944 3183742
3187946 3183742
3187946 3183742
3187946 3183742
# burst 20
3187943 3183742
3187942 3183742
3187942 3183742
3187942 3183742
3187940 3183741
3187940 3183741
3187939 3183742
3187939 3183743
3187940 3183744
3187941 3183743
3187942 3183744
3187941 3183743
3187944 3183745
3187944 3183745
3187946 3183744
3187949 3183746
3187949 3183745
3187952 3183747
3187956 3183747
3187957 3183749
# burst 40
3187960 3183751
3187964 3183750
3187967 3183752
3187969 3183752
3187971 3183753
3187975 3183752
3187977 3183753
3187979 3183757
3187982 3183755
3187986 3183757
3187988 3183758
3187990 3183760
3187994 3183759
3187995 3183761
3187999 3183762
3188002 3183763
3188003 3183764
3188005 3183765
3188009 3183765
3188011 3183765
3188013 3183765
3188015 3183768
3188017 3183767
3188021 3183768
3188024 3183769
3188026 3183769
3188027 3183771
3188030 3183770
3188034 3183772
3188035 3183772
3188038 3183773
3188041 3183774
3188044 3183776
3188049 3183775
3188049 3183779
3188054 3183779
3188057 3183779
3188062 3183781
3188065 3183782
3188065 3183783
# burst 40
3188067 3183783
3188066 3183782
3188061 3183782
3188048 3183776
3188037 3183770
3188019 3183767
3188004 3183760
3187988 3183756
3187973 3183750
3187963 3183747
3187951 3183744
3187944 3183742
3187936 3183740
3187932 3183738
3187929 3183737
3187927 3183737
3187923 3183734
3187921 3183732
3187919 3183733
3187916 3183731
3187916 3183731
3187916 3183732
3187915 3183731
3187914 3183728
3187915 3183730
3187915 3183729
3187916 3183729
3187918 3183730
3187920 3183731
3187922 3183729
3187925 3183731
3187926 3183730
3187927 3183729
3187928 3183731
3187929 3183731
3187929 3183732
3187931 3183731
3187930 3183731
3187929 3183730
3187931 3183731
# burst 20
3187927 3183729
3187928 3183729
3187930 3183729
3187929 3183728
3187928 3183729
3187929 3183729
3187931 3183731
3187932 3183730
3187931 3183730
3187934 3183731
3187934 3183731
3187936 3183733
3187939 3183732
3187941 3183733
3187944 3183735
3187947 3183735
3187948 3183737
3187953 3183736
3187955 3183738
3187957 3183740
# burst 40
3187961 3183740
3187964 3183742
3187966 3183741
3187969 3183742
3187973 3183743
3187976 3183744
3187977 3183744
3187983 3183744
3187983 3183745
3187986 3183746
3187988 3183746
3187991 3183748
3187994 3183749
3187996 3183749
3187999 3183750
3188004 3183752
3188005 3183751
3188006 3183751
3188011 3183753
3188014 3183754
3188017 3183755
3188017 3183754
3188020 3183755
3188023 3183754
3188024 3183756
3188027 3183758
3188029 3183759
3188033 3183758
3188034 3183759
3188037 3183761
3188040 3183760
3188042 3183762
3188042 3183763
3188048 3183763
3188051 3183765
3188052 3183765
3188055 3183766
3188059 3183768
3188061 3183768
3188064 3183769
# burst 40
3188065 3183771
3188070 3183771
3188071 3183773
3188077 3183773
3188078 3183774
3188082 3183775
3188083 3183777
3188087 3183778
3188090 3183777
3188091 3183778
3188092 3183779
3188096 3183781
3188100 3183781
3188101 3183782
3188104 3183783
3188104 3183783
3188107 3183784
3188104 3183782
3188101 3183784
3188097 3183783
3188088 3183780
3188065 3183771
3188042 3183764
3188019 3183758
3187999 3183751
3187983 3183749
3187969 3183745
3187956 3183742
3187945 3183740
3187940 3183738
3187932 3183735
3187927 3183734
3187924 3183733
3187921 3183733
3187918 3183729
3187915 3183729
3187912 3183726
3187911 3183725
3187911 3183724
3187911 3183723
# burst 20
3187911 3183722
3187911 3183721
3187912 3183720
3187913 3183722
3187915 3183722
3187917 3183721
3187918 3183721
3187919 3183721
3187922 3183719
3187923 3183720
3187925 3183719
3187925 3183720
3187929 3183718
3187927 3183716
3187929 3183715
3187930 3183715
3187929 3183715
3187931 3183714
3187931 3183715
3187931 3183714
# burst 40
3187933 3183715
3187933 3183715
3187934 3183717
3187933 3183717
3187935 3183717
3187937 3183719
3187938 3183722
3187937 3183724
3187939 3183724
3187941 3183727
3187944 3183729
3187945 3183730
3187947 3183731
3187948 3183732
3187950 3183734
3187953 3183736
3187956 3183737
3187958 3183737
3187960 3183740
3187962 3183741
3187965 3183742
3187966 3183743
3187969 3183743
3187972 3183744
3187975 3183746
3187977 3183747
3187980 3183748
3187982 3183750
3187984 3183750
3187985 3183751
3187987 3183751
3187988 3183751
3187991 3183752
3187993 3183752
3187993 3183752
3187994 3183751
3187996 3183753
3187999 3183753
3188000 3183753
3188003 3183752
# burst 40
3188005 3183754
3188005 3183753
3188007 3183754
3188012 3183754
3188010 3183755
3188014 3183755
3188015 3183756
3188019 3183756
3188019 3183757
3188023 3183757
3188025 3183757
3188030 3183759
3188031 3183762
3188037 3183764
3188039 3183767
3188043 3183769
3188044 3183771
3188050 3183771
3188051 3183775
3188057 3183778
3188060 3183780
3188063 3183783
3188068 3183785
3188071 3183788
3188072 3183789
3188079 3183792
3188081 3183794
3188084 3183796
3188087 3183798
3188091 3183798
3188094 3183800
3188097 3183802
3188100 3183803
3188104 3183804
3188107 3183805
3188110 3183806
3188112 3183807
3188115 3183807
3188116 3183808
3188118 3183809
# burst 20
3188116 3183807
3188117 3183807
3188113 3183806
3188106 3183803
3188093 3183796
3188077 3183790
3188059 3183784
3188043 3183780
3188028 3183774
3188013 3183770
3188001 3183766
3187991 3183764
3187983 3183760
3187977 3183762
3187973 3183759
3187972 3183760
3187967 3183760
3187967 3183759
3187965 3183761
3187966 3183762
# burst 40
3187965 3183764
3187964 3183763
3187966 3183766
3187966 3183768
3187966 3183766
3187966 3183769
3187969 3183769
3187970 3183771
3187972 3183772
3187973 3183774
3187976 3183776
3187976 3183776
3187979 3183777
3187979 3183778
3187981 3183778
3187981 3183780
3187980 3183778
3187980 3183779
3187980 3183777
3187979 3183779
3187978 3183777
3187977 3183777
3187975 3183778
3187976 3183778
3187973 3183777
3187973 3183776
3187974 3183777
3187973 3183778
3187973 3183778
3187975 3183778
3187974 3183779
3187975 3183777
3187976 3183779
3187978 3183779
3187979 3183781
3187980 3183781
3187983 3183783
3187986 3183784
3187986 3183784
3187987 3183787
# burst 40
3187989 3183784
3187990 3183787
3187994 3183787
3187996 3183790
3187997 3183792
3187999 3183790
3188003 3183792
3188005 3183792
3188007 3183795
3188008 3183796
3188010 3183795
3188012 3183795
3188014 3183797
3188018 3183798
3188020 3183796
3188020 3183798
3188022 3183798
3188023 3183798
3188025 3183799
3188028 3183800
3188028 3183801
3188032 3183802
3188033 3183802
3188034 3183804
3188038 3183804
3188041 3183805
3188042 3183808
3188045 3183807
3188048 3183809
3188049 3183810
3188052 3183811
3188053 3183812
3188057 3183812
3188059 3183813
3188061 3183814
3188064 3183815
3188069 3183815
3188071 3183816
3188074 3183819
3188076 3183821
# burst 20
3188080 3183821
3188084 3183823
3188086 3183823
3188090 3183825
3188092 3183826
3188098 3183828
3188101 3183831
3188104 3183832
3188107 3183834
3188110 3183835
3188116 3183836
3188120 3183839
3188123 3183841
3188122 3183841
3188122 3183841
3188114 3183839
3188102 3183833
3188085 3183828
3188068 3183823
3188054 3183818
# burst 40
3188038 3183813
3188022 3183807
3188009 3183803
3187999 3183801
3187989 3183797
3187980 3183795
3187974 3183791
3187970 3183792
3187967 3183789
3187964 3183788
3187961 3183787
3187960 3183787
3187960 3183786
3187959 3183785
3187958 3183784
3187957 3183784
3187959 3183783
3187959 3183783
3187959 3183782
3187961 3183785
3187962 3183784
3187965 3183782
3187969 3183784
3187968 3183785
3187971 3183785
3187971 3183785
3187972 3183784
3187973 3183784
3187971 3183784
3187972 3183784
3187971 3183784
3187970 3183782
3187971 3183785
3187970 3183784
3187969 3183784
3187967 3183781
3187970 3183782
3187968 3183783
3187970 3183782
3187971 3183783
# burst 40
3187972 3183784
3187972 3183784
3187975 3183785
3187976 3183783
3187978 3183783
3187977 3183784
3187979 3183783
3187981 3183785
3187983 3183785
3187986 3183785
3187988 3183784
3187991 3183786
3187994 3183787
3187995 3183785
3188000 3183789
3188004 3183789
3188006 3183791
3188008 3183792
3188011 3183791
3188013 3183793
3188017 3183794
3188021 3183796
3188024 3183796
3188027 3183796
3188029 3183798
3188033 3183799
3188034 3183799
3188038 3183801
3188040 3183802
3188044 3183803
3188047 3183803
3188049 3183805
3188052 3183805
3188055 3183807
3188057 3183807
3188058 3183808
3188061 3183807
3188065 3183809
3188067 3183811
3188068 3183810
# burst 20
3188071 3183812
3188072 3183812
3188076 3183815
3188078 3183813
3188080 3183813
3188084 3183816
3188087 3183817
3188090 3183818
3188092 3183819
3188093 3183819
3188097 3183820
3188099 3183822
3188103 3183821
3188103 3183824
3188107 3183823
3188108 3183824
3188107 3183822
3188103 3183821
3188095 3183818
3188082 3183812
# burst 40
3188069 3183808
3188050 3183800
3188031 3183794
3188017 3183790
3188001 3183786
3187990 3183782
3187981 3183779
3187971 3183774
3187966 3183773
3187962 3183771
3187958 3183770
3187954 3183769
3187950 3183769
3187952 3183767
3187950 3183767
3187947 3183766
3187946 3183765
3187944 3183764
3187943 3183764
3187945 3183764
3187942 3183763
3187945 3183761
3187947 3183761
3187947 3183762
3187949 3183764
3187951 3183764
3187953 3183763
3187954 3183762
3187955 3183762
3187954 3183762
3187955 3183762
3187957 3183761
3187954 3183760
3187955 3183762
3187956 3183761
3187954 3183762
3187954 3183760
3187953 3183758
3187953 3183758
3187953 3183757
# burst 40
3187955 3183759
3187955 3183758
3187955 3183760
3187954 3183759
3187957 3183759
3187958 3183761
3187960 3183759
3187960 3183760
3187964 3183761
3187966 3183762
3187968 3183763
3187970 3183763
3187972 3183763
3187975 3183764
3187978 3183765
3187981 3183765
3187984 3183766
3187985 3183767
3187987 3183768
3187992 3183767
3187995 3183769
3187997 3183769
3188001 3183770
3188001 3183771
3188004 3183772
3188007 3183772
3188011 3183771
3188012 3183773
3188015 3183774
3188018 3183773
3188019 3183775
3188022 3183775
3188025 3183774
3188026 3183776
3188027 3183776
3188030 3183776
3188033 3183779
3188035 3183779
3188037 3183780
3188039 3183780
# burst 20
3188043 3183781
3188046 3183782
3188047 3183782
3188050 3183782
3188052 3183782
3188056 3183785
3188059 3183786
3188060 3183786
3188063 3183788
3188068 3183788
3188068 3183791
3188071 3183790
3188072 3183790
3188077 3183791
3188078 3183793
3188082 3183793
3188084 3183794
3188085 3183795
3188088 3183796
3188091 3183796
# burst 40
3188092 3183798
3188096 3183799
3188096 3183799
3188101 3183799
3188101 3183799
3188104 3183800
3188108 3183801
3188109 3183801
3188113 3183802
3188115 3183803
3188117 3183803
3188118 3183805
3188122 3183807
3188122 3183808
3188122 3183807
3188122 3183807
3188119 3183806
3188116 3183802
3188107 3183801
3188093 3183793
3188073 3183784
3188055 3183778
3188034 3183774
3188018 3183767
3188001 3183762
3187990 3183758
3187981 3183755
3187973 3183755
3187965 3183751
3187963 3183749
3187959 3183748
3187953 3183746
3187952 3183747
3187948 3183744
3187945 3183744
3187944 3183743
3187941 3183741
3187939 3183740
3187938 3183742
3187938 3183740
# burst 40
3187936 3183738
3187937 3183739
3187936 3183738
3187938 3183737
3187939 3183739
3187940 3183737
3187941 3183737
3187941 3183737
3187941 3183737
3187942 3183737
3187942 3183737
3187941 3183735
3187941 3183736
3187940 3183734
3187940 3183736
3187939 3183734
3187938 3183732
3187937 3183734
3187936 3183734
3187937 3183734
3187937 3183734
3187937 3183732
3187939 3183733
3187937 3183733
3187939 3183733
3187941 3183733
3187943 3183733
3187944 3183735
3187947 3183733
3187949 3183734
3187951 3183733
3187952 3183736
3187954 3183737
3187955 3183736
3187960 3183738
3187962 3183738
3187967 3183740
3187970 3183741
3187970 3183742
3187972 3183742
# burst 20
3187976 3183741
3187979 3183744
3187982 3183744
3187983 3183745
3187988 3183746
3187990 3183748
3187993 3183748
3187996 3183750
3188001 3183750
3188002 3183752
3188003 3183752
3188007 3183752
3188010 3183754
3188013 3183756
3188015 3183758
3188017 3183758
3188019 3183758
3188023 3183759
3188025 3183760
3188029 3183762
# burst 40
3188032 3183763
3188034 3183764
3188037 3183765
3188039 3183766
3188041 3183766
3188046 3183767
3188048 3183769
3188049 3183771
3188052 3183772
3188053 3183771
3188057 3183772
3188059 3183774
3188061 3183774
3188065 3183775
3188066 3183776
3188068 3183777
3188070 3183776
3188073 3183778
3188075 3183778
3188078 3183779
3188080 3183778
3188082 3183779
3188085 3183783
3188088 3183782
3188090 3183783
3188093 3183783
3188093 3183785
3188098 3183785
3188099 3183787
3188102 3183788
3188105 3183790
3188106 3183790
3188110 3183791
3188112 3183791
3188113 3183792
3188116 3183794
3188119 3183793
3188122 3183795
3188122 3183797
3188123 3183798
# burst 40
3188123 3183796
3188122 3183796
3188121 3183795
3188116 3183794
3188112 3183792
3188104 3183789
3188091 3183783
3188075 3183778
3188056 3183771
3188040 3183764
3188023 3183761
3188010 3183756
3188001 3183754
3187991 3183750
3187984 3183748
3187979 3183748
3187975 3183749
3187974 3183746
3187971 3183745
3187966 3183745
3187965 3183745
3187963 3183743
3187961 3183744
3187961 3183742
3187959 3183740
3187959 3183743
3187959 3183743
3187959 3183743
3187961 3183742
3187962 3183742
3187962 3183742
3187966 3183743
3187966 3183745
3187967 3183744
3187967 3183744
3187968 3183745
3187968 3183744
3187969 3183743
3187970 3183744
3187971 3183743
# burst 20
3187969 3183744
3187971 3183746
3187969 3183746
3187970 3183746
3187970 3183746
3187971 3183747
3187970 3183747
3187972 3183747
3187974 3183749
3187975 3183749
3187976 3183750
3187978 3183751
3187983 3183753
3187983 3183754
3187987 3183755
3187988 3183756
3187992 3183759
3187994 3183759
3187997 3183759
3188002 3183761
