# burst 40
3210577 3472732
3341651 3472606
3341653 3472606
3341652 3472605
3341653 3472606
3341653 3472606
3341653 3472606
3341653 3472605
3341653 3472606
3341653 3472606
3341653 3472605
3341653 3472605
3341652 3472605
3341652 3472605
3341654 3472604
3341653 3472605
3341653 3472604
3341653 3472604
3341652 3472605
3341652 3472604
3341653 3472604
3341651 3472605
3341653 3472604
3341653 3472604
3341652 3472604
3341653 3472605
3341653 3472604
3341653 3472604
3341652 3472605
3341653 3472604
3341652 3472604
3341651 3472604
3341652 3472605
3341652 3472606
3341652 3472604
3341652 3472605
3341652 3472605
3341652 3472604
3341653 3472604
3341652 3472604
# burst 40
3341652 3472604
3341652 3472603
3341652 3472603
3341653 3472603
3341652 3472603
3341652 3472605
3341653 3472605
3341653 3472604
3341652 3472605
3341653 3472604
3341653 3472605
3341653 3472605
3341652 3472603
3341652 3472604
3341653 3472605
3341653 3472605
3341652 3472605
3341652 3472604
3341652 3472604
3341652 3472604
3341652 3472605
3341653 3472604
3341653 3472605
3341653 3472604
3341652 3472606
3341654 3472603
3341652 3472603
3341653 3472604
3341653 3472604
3341653 3472604
3341653 3472605
3341653 3472605
3341653 3472605
3341651 3472604
3341652 3472604
3341651 3472604
3341651 3472605
3341653 3472603
3341652 3472605
3341652 3472604
# burst 20
3341653 3472603
3341652 3472604
3341652 3472603
3341653 3472604
3341652 3472604
3341652 3472605
3341652 3472605
3341653 3472605
3341654 3472605
3341652 3472604
3341653 3472604
3341652 3472605
3341652 3472605
3341652 3472605
3341653 3472605
3341653 3472605
3341653 3472605
3341653 3472605
3341653 3472605
3341653 3472605
# burst 40
3341653 3472604
3176473 3173992
3176474 3173993
3176477 3173991
3176478 3173991
3176480 3173991
3176479 3173991
3176482 3173990
3176483 3173990
3176485 3173991
3176485 3173991
3176486 3173990
3176488 3173990
3176489 3173992
3176490 3173992
3176491 3173991
3176492 3173992
3176492 3173991
3176492 3173992
3176493 3173993
3176492 3173992
3176494 3173991
3176493 3173991
3176492 3173992
3176494 3173991
3176494 3173991
3176495 3173992
3176495 3173993
3176495 3173993
3176496 3173991
3176497 3173992
3176497 3173993
3176497 3173991
3176499 3173991
3176499 3173991
3176500 3173992
3176502 3173992
3176503 3173993
3176503 3173992
3176504 3173993
# burst 40
3176504 3173993
3176505 3173994
3176506 3173993
3176507 3173994
3176506 3173993
3176508 3173993
3176508 3173993
3176508 3173994
3176508 3173993
3176510 3173994
3176512 3173994
3176512 3173995
3176511 3173994
3176511 3173993
3176511 3173994
3176511 3173995
3176514 3173994
3176513 3173996
3176514 3173994
3176514 3173994
3176514 3173995
3176514 3173997
3176515 3173996
3176516 3173996
3176517 3173995
3176519 3173997
3176518 3173997
3176520 3173999
3176519 3173997
3176521 3173997
3176520 3173997
3176523 3173998
3176523 3173999
3176523 3173998
3176524 3173999
3176526 3174000
3176524 3174000
3176524 3174000
3176521 3174000
3176520 3174000
# burst 20
3176518 3173998
3176515 3173997
3176512 3173997
3176509 3173995
3176504 3173994
3176500 3173990
3176495 3173989
3176491 3173986
3176490 3173985
3176487 3173984
3176484 3173982
3176484 3173982
3176482 3173982
3176483 3173983
3176482 3173980
3176482 3173981
3176481 3173982
3176484 3173983
3176484 3173981
3176486 3173981
# burst 40
3176488 3173983
3177467 3174805
3177468 3174805
3177470 3174806
3177472 3174807
3177472 3174806
3177473 3174806
3177475 3174806
3177474 3174805
3177477 3174806
3177477 3174807
3177476 3174807
3177476 3174806
3177477 3174808
3177479 3174806
3177477 3174807
3177478 3174806
3177478 3174806
3177478 3174807
3177479 3174807
3177479 3174808
3177479 3174807
3177479 3174807
3177480 3174808
3177480 3174806
3177482 3174806
3177482 3174808
3177482 3174806
3177483 3174807
3177485 3174807
3177485 3174808
3177485 3174807
3177485 3174807
3177486 3174806
3177486 3174805
3177485 3174804
3177487 3174806
3177488 3174806
3177489 3174807
3177489 3174807
# burst 40
3177490 3174807
3177490 3174807
3177491 3174808
3177491 3174809
3177492 3174808
3177492 3174810
3177493 3174808
3177494 3174808
3177494 3174807
3177494 3174808
3177496 3174809
3177494 3174808
3177495 3174808
3177496 3174809
3177496 3174809
3177497 3174809
3177496 3174810
3177496 3174809
3177498 3174808
3177500 3174811
3177499 3174810
3177499 3174810
3177498 3174810
3177501 3174811
3177501 3174810
3177501 3174810
3177502 3174811
3177501 3174811
3177502 3174811
3177503 3174811
3177503 3174812
3177505 3174814
3177506 3174814
3177505 3174814
3177502 3174815
3177500 3174814
3177495 3174810
3177493 3174810
3177489 3174809
3177483 3174806
# burst 20
3177477 3174803
3177472 3174801
3177466 3174797
3177458 3174793
3177453 3174793
3177448 3174790
3177443 3174787
3177440 3174786
3177436 3174784
3177433 3174783
3177430 3174781
3177428 3174780
3177428 3174779
3177424 3174778
3177425 3174779
3177423 3174778
3177425 3174777
3177421 3174775
3177423 3174776
3177423 3174776
# burst 40
3177426 3174777
3178300 3175502
3178302 3175502
3178303 3175503
3178305 3175503
3178305 3175501
3178305 3175502
3178306 3175503
3178306 3175503
3178307 3175502
3178308 3175502
3178308 3175502
3178309 3175502
3178308 3175503
3178309 3175503
3178307 3175503
3178309 3175504
3178310 3175504
3178310 3175504
3178310 3175503
3178309 3175503
3178311 3175503
3178312 3175503
3178313 3175504
3178315 3175503
3178315 3175505
3178317 3175504
3178318 3175507
3178320 3175505
3178320 3175507
3178323 3175506
3178325 3175508
3178326 3175508
3178328 3175509
3178330 3175510
3178331 3175509
3178334 3175510
3178335 3175511
3178337 3175511
3178338 3175512
# burst 40
3178339 3175513
3178341 3175512
3178343 3175513
3178343 3175515
3178344 3175513
3178346 3175514
3178347 3175513
3178348 3175514
3178349 3175516
3178350 3175516
3178351 3175517
3178352 3175516
3178354 3175517
3178353 3175517
3178355 3175518
3178356 3175517
3178357 3175518
3178358 3175520
3178358 3175521
3178361 3175520
3178361 3175521
3178360 3175521
3178362 3175521
3178361 3175520
3178363 3175520
3178363 3175520
3178364 3175521
3178366 3175522
3178367 3175522
3178365 3175523
3178367 3175522
3178369 3175523
3178368 3175522
3178369 3175522
3178369 3175523
3178371 3175523
3178371 3175525
3178371 3175525
3178370 3175526
3178368 3175525
# burst 20
3178365 3175525
3178363 3175523
3178360 3175522
3178355 3175519
3178350 3175518
3178342 3175515
3178333 3175510
3178326 3175506
3178320 3175503
3178314 3175500
3178308 3175498
3178302 3175495
3178296 3175492
3178295 3175492
3178290 3175491
3178289 3175489
3178285 3175488
3178284 3175486
3178282 3175488
3178282 3175487
# burst 40
3178282 3175484
3179272 3176316
3179273 3176318
3179273 3176317
3179275 3176317
3179275 3176318
3179277 3176318
3179278 3176318
3179280 3176318
3179282 3176318
3179282 3176320
3179284 3176321
3179283 3176321
3179286 3176322
3179288 3176322
3179288 3176322
3179288 3176321
3179288 3176323
3179289 3176321
3179288 3176321
3179289 3176321
3179289 3176321
3179290 3176321
3179290 3176321
3179292 3176321
3179292 3176322
3179292 3176322
3179295 3176322
3179295 3176322
3179298 3176324
3179300 3176324
3179301 3176325
3179303 3176327
3179304 3176326
3179307 3176327
3179310 3176329
3179311 3176329
3179311 3176329
3179314 3176330
3179316 3176330
# burst 40
3179318 3176330
3179320 3176332
3179322 3176332
3179323 3176333
3179326 3176333
3179329 3176335
3179329 3176335
3179331 3176336
3179331 3176335
3179333 3176334
3179335 3176337
3179336 3176337
3179337 3176338
3179337 3176338
3179339 3176338
3179340 3176340
3179342 3176339
3179343 3176340
3179344 3176340
3179346 3176342
3179345 3176341
3179348 3176342
3179346 3176341
3179347 3176342
3179349 3176341
3179350 3176343
3179350 3176342
3179352 3176344
3179352 3176344
3179355 3176343
3179354 3176344
3179356 3176343
3179354 3176345
3179356 3176346
3179356 3176344
3179355 3176345
3179358 3176346
3179360 3176346
3179359 3176346
3179361 3176347
# burst 20
3179361 3176348
3179361 3176346
3179362 3176347
3179363 3176349
3179363 3176349
3179363 3176347
3179364 3176348
3179365 3176350
3179367 3176348
3179368 3176348
3179369 3176349
3179369 3176349
3179369 3176351
3179369 3176352
3179368 3176354
3179364 3176351
3179360 3176349
3179359 3176349
3179356 3176348
3179352 3176346
# burst 40
3179346 3176342
3180269 3177120
3180261 3177118
3180254 3177116
3180249 3177111
3180242 3177110
3180237 3177108
3180232 3177105
3180228 3177103
3180226 3177101
3180221 3177099
3180220 3177099
3180219 3177099
3180217 3177098
3180217 3177098
3180215 3177097
3180217 3177098
3180218 3177097
3180219 3177096
3180218 3177096
3180219 3177096
3180220 3177097
3180222 3177098
3180224 3177097
3180225 3177097
3180226 3177099
3180226 3177098
3180227 3177100
3180226 3177098
3180227 3177099
3180227 3177098
3180228 3177098
3180226 3177099
3180229 3177099
3180227 3177099
3180227 3177098
3180226 3177098
3180229 3177098
3180228 3177098
3180228 3177098
# burst 40
3180228 3177098
3180230 3177098
3180230 3177098
3180230 3177098
3180234 3177099
3180234 3177100
3180236 3177100
3180235 3177100
3180236 3177102
3180241 3177101
3180241 3177102
3180243 3177103
3180245 3177103
3180247 3177104
3180248 3177103
3180250 3177104
3180252 3177106
3180254 3177108
3180257 3177106
3180259 3177108
3180259 3177109
3180260 3177110
3180262 3177108
3180265 3177110
3180265 3177111
3180267 3177111
3180268 3177111
3180268 3177112
3180271 3177111
3180273 3177113
3180272 3177114
3180273 3177113
3180275 3177114
3180275 3177114
3180277 3177114
3180277 3177114
3180279 3177116
3180282 3177117
3180282 3177118
3180282 3177117
# burst 20
3180282 3177117
3180283 3177118
3180285 3177119
3180285 3177119
3180286 3177119
3180286 3177119
3180287 3177119
3180288 3177118
3180289 3177118
3180290 3177120
3180290 3177120
3180291 3177120
3180294 3177123
3180295 3177122
3180294 3177124
3180297 3177124
3180296 3177124
3180296 3177126
3180295 3177126
3180292 3177124
# burst 40
3180288 3177124
3181277 3177950
3181274 3177947
3181268 3177945
3181261 3177943
3181256 3177940
3181249 3177936
3181242 3177934
3181236 3177930
3181230 3177927
3181226 3177926
3181222 3177924
3181220 3177923
3181220 3177923
3181215 3177921
3181216 3177922
3181214 3177921
3181215 3177920
3181213 3177920
3181215 3177920
3181216 3177920
3181217 3177919
3181217 3177920
3181220 3177920
3181222 3177919
3181222 3177921
3181223 3177921
3181224 3177922
3181227 3177922
3181226 3177923
3181226 3177923
3181229 3177923
3181228 3177924
3181229 3177923
3181230 3177922
3181229 3177923
3181229 3177923
3181228 3177923
3181228 3177922
3181229 3177922
# burst 40
3181231 3177922
3181228 3177922
3181228 3177921
3181228 3177921
3181232 3177923
3181231 3177921
3181231 3177922
3181234 3177923
3181234 3177923
3181234 3177923
3181236 3177924
3181238 3177925
3181239 3177925
3181242 3177926
3181243 3177925
3181245 3177926
3181246 3177927
3181248 3177927
3181250 3177930
3181251 3177929
3181253 3177930
3181254 3177931
3181257 3177930
3181258 3177932
3181258 3177933
3181261 3177933
3181264 3177934
3181263 3177934
3181264 3177935
3181266 3177936
3181268 3177937
3181269 3177938
3181272 3177938
3181270 3177938
3181272 3177938
3181274 3177941
3181274 3177941
3181275 3177941
3181278 3177942
3181278 3177942
# burst 20
3181281 3177944
3181280 3177944
3181282 3177943
3181283 3177946
3181282 3177945
3181282 3177944
3181285 3177947
3181286 3177946
3181285 3177946
3181285 3177947
3181288 3177947
3181288 3177947
3181291 3177948
3181290 3177948
3181290 3177947
3181292 3177948
3181291 3177950
3181292 3177949
3181293 3177950
3181292 3177948
# burst 40
3181293 3177948
3182157 3178664
3182157 3178666
3182157 3178666
3182157 3178669
3182159 3178671
3182155 3178670
3182152 3178667
3182149 3178667
3182146 3178665
3182140 3178664
3182137 3178661
3182130 3178657
3182122 3178655
3182116 3178650
3182108 3178648
3182102 3178644
3182095 3178642
3182090 3178639
3182086 3178637
3182082 3178635
3182079 3178633
3182075 3178630
3182073 3178631
3182072 3178630
3182069 3178630
3182069 3178628
3182068 3178627
3182068 3178627
3182068 3178626
3182066 3178626
3182067 3178627
3182069 3178627
3182070 3178625
3182073 3178626
3182074 3178627
3182074 3178628
3182075 3178629
3182075 3178627
3182076 3178628
# burst 40
3182077 3178629
3182077 3178628
3182078 3178628
3182078 3178628
3182078 3178629
3182079 3178628
3182080 3178628
3182078 3178628
3182079 3178628
3182080 3178628
3182079 3178628
3182081 3178628
3182081 3178628
3182081 3178629
3182085 3178629
3182085 3178630
3182087 3178630
3182089 3178630
3182089 3178631
3182091 3178630
3182093 3178633
3182094 3178633
3182096 3178633
3182098 3178633
3182101 3178635
3182104 3178635
3182104 3178636
3182106 3178637
3182108 3178637
3182110 3178638
3182109 3178639
3182114 3178640
3182116 3178641
3182116 3178641
3182117 3178642
3182121 3178641
3182122 3178642
3182123 3178642
3182124 3178643
3182126 3178646
# burst 20
3182127 3178646
3182127 3178645
3182130 3178645
3182130 3178647
3182131 3178648
3182132 3178647
3182133 3178648
3182135 3178649
3182135 3178648
3182137 3178649
3182138 3178648
3182138 3178651
3182136 3178650
3182140 3178651
3182141 3178649
3182141 3178650
3182142 3178652
3182144 3178651
3182143 3178653
3182143 3178654
# burst 40
3182146 3178652
3183141 3179481
3183144 3179482
3183144 3179482
3183144 3179483
3183145 3179482
3183145 3179484
3183147 3179484
3183145 3179482
3183147 3179483
3183148 3179484
3183148 3179484
3183148 3179485
3183151 3179485
3183150 3179486
3183151 3179485
3183152 3179486
3183152 3179485
3183152 3179487
3183153 3179487
3183152 3179487
3183154 3179488
3183155 3179488
3183154 3179491
3183153 3179489
3183149 3179489
3183146 3179488
3183143 3179488
3183141 3179486
3183136 3179484
3183131 3179481
3183121 3179477
3183113 3179475
3183107 3179471
3183100 3179468
3183093 3179465
3183089 3179461
3183085 3179458
3183080 3179456
3183076 3179455
# burst 40
3183074 3179453
3183071 3179454
3183070 3179453
3183067 3179451
3183067 3179451
3183067 3179451
3183065 3179449
3183066 3179447
3183065 3179448
3183065 3179448
3183068 3179448
3183069 3179449
3183072 3179449
3183073 3179450
3183075 3179452
3183075 3179452
3183077 3179453
3183079 3179452
3183082 3179455
3183083 3179453
3183085 3179456
3183084 3179456
3183085 3179456
3183087 3179457
3183088 3179457
3183087 3179455
3183089 3179457
3183089 3179457
3183090 3179456
3183091 3179458
3183091 3179457
3183092 3179457
3183094 3179458
3183096 3179457
3183095 3179457
3183096 3179457
3183097 3179457
3183101 3179458
3183100 3179460
3183103 3179458
# burst 20
3183104 3179460
3183105 3179459
3183107 3179460
3183111 3179461
3183110 3179460
3183114 3179461
3183112 3179461
3183115 3179463
3183115 3179463
3183118 3179464
3183119 3179464
3183119 3179463
3183121 3179465
3183123 3179466
3183123 3179466
3183125 3179466
3183126 3179468
3183128 3179468
3183129 3179467
3183129 3179469
# burst 40
3183131 3179470
3184068 3180250
3184070 3180251
3184071 3180252
3184072 3180254
3184072 3180253
3184073 3180256
3184073 3180254
3184074 3180255
3184076 3180256
3184077 3180255
3184077 3180257
3184077 3180256
3184078 3180257
3184079 3180257
3184079 3180257
3184079 3180258
3184081 3180258
3184080 3180256
3184083 3180257
3184082 3180258
3184081 3180258
3184084 3180260
3184084 3180260
3184085 3180260
3184086 3180260
3184087 3180261
3184086 3180260
3184086 3180260
3184087 3180261
3184088 3180261
3184088 3180262
3184089 3180260
3184089 3180262
3184091 3180261
3184091 3180261
3184091 3180261
3184092 3180262
3184093 3180262
3184096 3180263
# burst 40
3184095 3180264
3184096 3180262
3184099 3180263
3184098 3180264
3184100 3180267
3184100 3180268
3184098 3180269
3184098 3180269
3184095 3180269
3184091 3180268
3184089 3180266
3184087 3180266
3184083 3180265
3184078 3180262
3184070 3180259
3184064 3180256
3184058 3180256
3184054 3180252
3184050 3180250
3184044 3180247
3184040 3180246
3184038 3180244
3184035 3180241
3184031 3180240
3184029 3180240
3184029 3180239
3184029 3180237
3184025 3180236
3184026 3180236
3184025 3180235
3184025 3180233
3184026 3180234
3184025 3180234
3184026 3180232
3184026 3180234
3184028 3180232
3184028 3180233
3184028 3180232
3184029 3180230
3184029 3180233
# burst 20
3184031 3180234
3184031 3180235
3184032 3180236
3184035 3180236
3184033 3180235
3184034 3180236
3184034 3180237
3184036 3180237
3184035 3180235
3184034 3180236
3184034 3180237
3184032 3180235
3184035 3180236
3184036 3180237
3184036 3180237
3184038 3180237
3184037 3180237
3184040 3180239
3184041 3180239
3184042 3180239
# burst 40
3184047 3180242
3185041 3181065
3185043 3181066
3185043 3181067
3185046 3181065
3185047 3181065
3185048 3181068
3185050 3181067
3185052 3181070
3185055 3181071
3185056 3181070
3185057 3181072
3185057 3181072
3185061 3181071
3185062 3181073
3185065 3181074
3185064 3181073
3185066 3181074
3185068 3181076
3185069 3181076
3185070 3181076
3185073 3181077
3185072 3181076
3185075 3181078
3185076 3181079
3185076 3181079
3185077 3181079
3185078 3181080
3185078 3181080
3185079 3181079
3185080 3181081
3185082 3181081
3185082 3181080
3185084 3181081
3185084 3181083
3185085 3181084
3185085 3181083
3185085 3181084
3185085 3181083
3185088 3181084
# burst 40
3185088 3181083
3185090 3181084
3185089 3181084
3185090 3181084
3185091 3181084
3185090 3181085
3185091 3181085
3185091 3181086
3185092 3181086
3185093 3181085
3185092 3181085
3185095 3181086
3185096 3181086
3185095 3181088
3185095 3181087
3185096 3181087
3185096 3181089
3185099 3181087
3185100 3181089
3185100 3181088
3185100 3181088
3185100 3181088
3185102 3181090
3185101 3181090
3185103 3181091
3185104 3181092
3185107 3181092
3185105 3181093
3185107 3181094
3185107 3181096
3185105 3181096
3185103 3181096
3185101 3181095
3185096 3181094
3185093 3181093
3185090 3181092
3185089 3181091
3185084 3181089
3185080 3181087
3185074 3181084
# burst 20
3185067 3181083
3185063 3181078
3185059 3181075
3185053 3181075
3185052 3181072
3185051 3181072
3185048 3181071
3185047 3181070
3185047 3181069
3185045 3181069
3185045 3181068
3185046 3181069
3185044 3181068
3185045 3181069
3185046 3181069
3185047 3181068
3185047 3181067
3185049 3181068
3185050 3181069
3185052 3181069
# burst 40
3185053 3181070
3185948 3181777
3185949 3181777
3185950 3181777
3185949 3181777
3185949 3181777
3185950 3181778
3185949 3181776
3185949 3181776
3185948 3181776
3185949 3181776
3185948 3181776
3185947 3181775
3185947 3181777
3185948 3181775
3185947 3181775
3185948 3181777
3185948 3181775
3185948 3181774
3185948 3181775
3185949 3181775
3185953 3181776
3185951 3181775
3185953 3181776
3185954 3181779
3185957 3181777
3185957 3181777
3185959 3181778
3185961 3181778
3185963 3181780
3185964 3181782
3185967 3181783
3185970 3181783
3185969 3181783
3185970 3181784
3185971 3181784
3185973 3181784
3185974 3181786
3185975 3181786
3185976 3181786
# burst 40
3185978 3181787
3185978 3181787
3185981 3181787
3185981 3181789
3185984 3181790
3185984 3181790
3185985 3181791
3185986 3181791
3185988 3181791
3185989 3181792
3185988 3181792
3185991 3181793
3185992 3181795
3185993 3181794
3185995 3181795
3185994 3181796
3185995 3181794
3185995 3181794
3185997 3181796
3185997 3181796
3185997 3181796
3185998 3181797
3185999 3181798
3186000 3181797
3185999 3181797
3185999 3181797
3185998 3181797
3186000 3181797
3186000 3181798
3185999 3181798
3186001 3181797
3186001 3181798
3186000 3181799
3186001 3181798
3186000 3181798
3186001 3181797
3186001 3181797
3186000 3181798
3186000 3181797
3186001 3181798
# burst 20
3186002 3181798
3186003 3181798
3186003 3181799
3186003 3181798
3186003 3181800
3186004 3181799
3186004 3181798
3186006 3181801
3186008 3181801
3186008 3181804
3186009 3181804
3186007 3181804
3186004 3181806
3186003 3181807
3186001 3181807
3186001 3181807
3186001 3181806
3186001 3181805
3185996 3181803
3185994 3181805
# burst 40
3185993 3181805
3186996 3182637
3186995 3182636
3186993 3182635
3186993 3182633
3186992 3182634
3186991 3182631
3186988 3182633
3186989 3182628
3186991 3182630
3186990 3182629
3186991 3182631
3186990 3182630
3186990 3182631
3186994 3182630
3186994 3182631
3186995 3182632
3186995 3182632
3186996 3182631
3186997 3182632
3186997 3182632
3186997 3182631
3186998 3182631
3186998 3182631
3186999 3182630
3186997 3182632
3186998 3182631
3186998 3182631
3186998 3182631
3186999 3182631
3186997 3182631
3186998 3182631
3186997 3182631
3186998 3182632
3186997 3182631
3186998 3182632
3186997 3182632
3186997 3182629
3186997 3182631
3186994 3182630
# burst 40
3186997 3182632
3186995 3182629
3186995 3182629
3186992 3182625
3186991 3182620
3186983 3182610
3186971 3182596
3186958 3182580
3186945 3182561
3186931 3182545
3186918 3182530
3186909 3182515
3186900 3182501
3186891 3182490
3186884 3182477
3186876 3182466
3186870 3182453
3186862 3182443
3186857 3182432
3186851 3182422
3186845 3182412
3186836 3182403
3186830 3182392
3186825 3182385
3186819 3182380
3186813 3182373
3186809 3182367
3186803 3182359
3186798 3182354
3186792 3182346
3186783 3182339
3186777 3182335
3186774 3182331
3186770 3182330
3186769 3182328
3186766 3182327
3186765 3182326
3186764 3182325
3186764 3182326
3186765 3182325
# burst 20
3186762 3182325
3186763 3182323
3186761 3182324
3186760 3182326
3186761 3182329
3186760 3182331
3186757 3182330
3186758 3182333
3186756 3182334
3186755 3182333
3186751 3182333
3186749 3182333
3186749 3182337
3186746 3182340
3186743 3182342
3186737 3182343
3186734 3182342
3186727 3182346
3186722 3182348
3186717 3182348
# burst 40
3186712 3182350
3187638 3183125
3187633 3183127
3187631 3183129
3187627 3183130
3187624 3183130
3187620 3183131
3187618 3183132
3187614 3183132
3187614 3183134
3187614 3183135
3187614 3183137
3187613 3183139
3187614 3183140
3187615 3183140
3187614 3183139
3187616 3183141
3187616 3183140
3187619 3183141
3187622 3183142
3187622 3183142
3187624 3183143
3187625 3183142
3187626 3183141
3187626 3183141
3187625 3183142
3187625 3183140
3187623 3183139
3187623 3183139
3187622 3183139
3187623 3183140
3187624 3183142
3187624 3183142
3187621 3183142
3187622 3183144
3187622 3183143
3187623 3183142
3187623 3183142
3187624 3183143
3187627 3183145
# burst 40
3187627 3183145
3187628 3183149
3187631 3183151
3187633 3183151
3187635 3183153
3187637 3183153
3187638 3183156
3187641 3183155
3187643 3183159
3187645 3183159
3187646 3183159
3187646 3183157
3187646 3183159
3187649 3183159
3187648 3183159
3187649 3183158
3187649 3183158
3187649 3183158
3187650 3183158
3187650 3183158
3187652 3183158
3187653 3183159
3187657 3183161
3187656 3183163
3187662 3183166
3187666 3183169
3187670 3183172
3187673 3183173
3187675 3183176
3187680 3183179
3187681 3183181
3187684 3183184
3187687 3183184
3187690 3183187
3187691 3183187
3187696 3183191
3187700 3183192
3187700 3183194
3187703 3183195
3187706 3183198
# burst 20
3187709 3183200
3187712 3183202
3187715 3183205
3187719 3183206
3187723 3183212
3187728 3183214
3187730 3183216
3187734 3183218
3187739 3183221
3187743 3183223
3187745 3183226
3187746 3183224
3187745 3183227
3187742 3183226
3187734 3183224
3187726 3183222
3187717 3183220
3187705 3183216
3187695 3183212
3187683 3183208
# burst 40
3187674 3183205
3188658 3184025
3188649 3184022
3188639 3184019
3188631 3184016
3188622 3184013
3188618 3184009
3188611 3184007
3188604 3184006
3188601 3184004
3188597 3184002
3188593 3183999
3188590 3183997
3188587 3183996
3188586 3183994
3188582 3183992
3188580 3183991
3188581 3183990
3188579 3183989
3188579 3183988
3188580 3183989
3188580 3183989
3188580 3183987
3188578 3183986
3188578 3183986
3188576 3183985
3188576 3183983
3188575 3183983
3188574 3183980
3188572 3183979
3188569 3183977
3188569 3183976
3188566 3183975
3188565 3183973
3188565 3183972
3188562 3183970
3188562 3183970
3188562 3183971
3188562 3183969
3188560 3183968
# burst 40
3188561 3183968
3188560 3183966
3188562 3183964
3188563 3183966
3188565 3183964
3188565 3183964
3188566 3183961
3188568 3183963
3188569 3183962
3188571 3183961
3188574 3183961
3188577 3183961
3188577 3183960
3188580 3183961
3188581 3183960
3188581 3183957
3188581 3183956
3188582 3183954
3188581 3183954
3188582 3183953
3188580 3183949
3188581 3183949
3188580 3183948
3188580 3183945
3188581 3183945
3188580 3183944
3188579 3183941
3188579 3183941
3188580 3183939
3188580 3183939
3188579 3183937
3188579 3183937
3188579 3183935
3188579 3183935
3188579 3183933
3188580 3183934
3188581 3183933
3188582 3183932
3188584 3183931
3188584 3183931
# burst 20
3188584 3183931
3188584 3183929
3188585 3183929
3188584 3183928
3188585 3183928
3188583 3183927
3188586 3183926
3188585 3183925
3188587 3183925
3188586 3183924
3188587 3183925
3188590 3183925
3188592 3183924
3188592 3183924
3188593 3183924
3188595 3183927
3188599 3183926
3188600 3183927
3188598 3183927
3188596 3183926
# burst 40
3188588 3183923
3188581 3183920
3188572 3183915
3188562 3183912
3188553 3183909
3188541 3183906
3188531 3183904
3188521 3183900
3188512 3183898
3188504 3183895
3188498 3183894
3188493 3183891
3188490 3183890
3188486 3183889
3188484 3183889
3188480 3183890
3188481 3183891
3188480 3183892
3188481 3183894
3188485 3183894
3188487 3183896
3188491 3183899
3188493 3183903
3188497 3183905
3188503 3183908
3188512 3183915
3188519 3183919
3188525 3183922
3188533 3183928
3188540 3183932
3188547 3183934
3188552 3183937
3188557 3183939
3188564 3183942
3188568 3183947
3188575 3183951
3188579 3183955
3188584 3183958
3188590 3183959
3188595 3183963
# burst 40
3188599 3183967
3188606 3183971
3188612 3183974
3188618 3183977
3188625 3183980
3188630 3183984
3188637 3183987
3188643 3183990
3188651 3183995
3188660 3183998
3188668 3184004
3188679 3184008
3188687 3184011
3188695 3184016
3188704 3184020
3188713 3184023
3188723 3184027
3188731 3184032
3188738 3184035
3188747 3184036
3188754 3184039
3188760 3184042
3188764 3184043
3188771 3184046
3188774 3184045
3188780 3184046
3188783 3184049
3188789 3184049
3188794 3184052
3188797 3184052
3188800 3184053
3188805 3184054
3188810 3184058
3188812 3184058
3188815 3184059
3188818 3184059
3188818 3184058
3188819 3184059
3188821 3184056
3188820 3184056
# burst 20
3188820 3184055
3188819 3184053
3188819 3184052
3188816 3184049
3188815 3184047
3188814 3184046
3188813 3184043
3188811 3184041
3188806 3184037
3188806 3184035
3188803 3184034
3188804 3184034
3188804 3184035
3188803 3184035
3188804 3184036
3188803 3184035
3188803 3184036
3188800 3184036
3188801 3184035
3188798 3184032
# burst 40
3188799 3184033
3188797 3184032
3188798 3184032
3188798 3184032
3188797 3184032
3188799 3184033
3188801 3184034
3188800 3184035
3188799 3184035
3188796 3184034
3188792 3184033
3188789 3184031
3188782 3184026
3188776 3184024
3188771 3184020
3188764 3184017
3188756 3184013
3188751 3184010
3188746 3184008
3188742 3184006
3188737 3184001
3188733 3184000
3188732 3183998
3188728 3183995
3188727 3183995
3188727 3183994
3188727 3183995
3188728 3183995
3188726 3183993
3188727 3183993
3188727 3183993
3188730 3183992
3188732 3183991
3188734 3183992
3188733 3183991
3188736 3183991
3188737 3183991
3188738 3183992
3188740 3183991
3188741 3183992
# burst 40
3188741 3183992
3188742 3183992
3188744 3183992
3188742 3183992
3188743 3183992
3188740 3183990
3188740 3183991
3188742 3183992
3188742 3183991
3188740 3183990
3188741 3183989
3188741 3183989
3188739 3183988
3188740 3183988
3188740 3183987
3188743 3183988
3188744 3183987
3188745 3183989
3188745 3183988
3188748 3183991
3188751 3183990
3188752 3183992
3188754 3183992
3188758 3183991
3188759 3183994
3188761 3183993
3188763 3183994
3188764 3183994
3188765 3183995
3188767 3183994
3188769 3183995
3188772 3183995
3188772 3183994
3188775 3183995
3188774 3183994
3188774 3183994
3188776 3183995
3188777 3183994
3188778 3183995
3188779 3183995
# burst 20
3188780 3183996
3188781 3183995
3188781 3183993
3188782 3183995
3188782 3183993
3188783 3183995
3188785 3183993
3188783 3183994
3188782 3183995
3188786 3183996
3188785 3183995
3188787 3183994
3188785 3183993
3188786 3183994
3188790 3183994
3188789 3183994
3188789 3183993
3188790 3183994
3188789 3183992
3188789 3183993
# burst 40
3188791 3183991
3188791 3183992
3188791 3183992
3188792 3183991
3188791 3183992
3188794 3183992
3188794 3183992
3188791 3183992
3188789 3183991
3188786 3183991
3188783 3183989
3188777 3183985
3188768 3183982
3188758 3183977
3188743 3183968
3188726 3183961
3188713 3183954
3188697 3183947
3188685 3183942
3188672 3183934
3188663 3183929
3188652 3183926
3188645 3183921
3188638 3183920
3188632 3183916
3188627 3183915
3188624 3183912
3188618 3183910
3188614 3183909
3188612 3183908
3188610 3183909
3188609 3183907
3188609 3183907
3188609 3183905
3188607 3183903
3188607 3183903
3188608 3183903
3188608 3183902
3188608 3183903
3188608 3183903
# burst 40
3188607 3183900
3188608 3183901
3188607 3183899
3188606 3183898
3188604 3183898
3188603 3183897
3188601 3183897
3188599 3183895
3188597 3183895
3188598 3183892
3188596 3183892
3188595 3183890
3188593 3183891
3188592 3183891
3188595 3183891
3188593 3183891
3188594 3183890
3188595 3183890
3188595 3183889
3188596 3183890
3188597 3183890
3188599 3183890
3188600 3183890
3188602 3183890
3188605 3183891
3188607 3183892
3188608 3183892
3188611 3183892
3188612 3183891
3188616 3183893
3188618 3183894
3188620 3183894
3188623 3183895
3188625 3183896
3188629 3183898
3188631 3183899
3188633 3183899
3188634 3183898
3188637 3183898
3188639 3183899
# burst 20
3188641 3183899
3188643 3183901
3188646 3183901
3188647 3183902
3188651 3183903
3188651 3183904
3188656 3183904
3188656 3183905
3188658 3183905
3188659 3183904
3188662 3183906
3188665 3183908
3188669 3183910
3188671 3183910
3188674 3183912
3188675 3183911
3188679 3183912
3188681 3183912
3188683 3183913
3188683 3183914
# burst 40
3188684 3183916
3188683 3183915
3188678 3183913
3188668 3183909
3188657 3183903
3188644 3183897
3188630 3183893
3188617 3183887
3188603 3183881
3188591 3183879
3188582 3183873
3188572 3183870
3188563 3183868
3188556 3183864
3188551 3183863
3188547 3183861
3188541 3183858
3188539 3183856
3188535 3183855
3188534 3183854
3188532 3183854
3188530 3183851
3188529 3183852
3188528 3183850
3188526 3183850
3188526 3183849
3188529 3183849
3188530 3183850
3188533 3183848
3188534 3183849
3188534 3183848
3188534 3183849
3188537 3183850
3188539 3183849
3188538 3183849
3188539 3183851
3188536 3183845
3188535 3183846
3188535 3183846
3188534 3183844
# burst 40
3188532 3183843
3188532 3183845
3188530 3183842
3188531 3183841
3188529 3183841
3188530 3183840
3188529 3183840
3188530 3183840
3188530 3183840
3188531 3183840
3188531 3183839
3188533 3183841
3188537 3183841
3188538 3183841
3188539 3183840
3188541 3183843
3188545 3183843
3188547 3183843
3188551 3183845
3188553 3183846
3188557 3183845
3188560 3183846
3188563 3183847
3188566 3183847
3188568 3183847
3188571 3183849
3188573 3183849
3188576 3183851
3188581 3183851
3188583 3183853
3188586 3183854
3188589 3183854
3188590 3183854
3188592 3183855
3188597 3183856
3188598 3183857
3188599 3183858
3188605 3183859
3188606 3183861
3188608 3183861
# burst 20
3188612 3183861
3188614 3183863
3188616 3183863
3188618 3183864
3188620 3183864
3188624 3183865
3188625 3183864
3188626 3183867
3188629 3183866
3188632 3183868
3188635 3183869
3188637 3183869
3188640 3183871
3188640 3183872
3188644 3183871
3188645 3183871
3188648 3183872
3188652 3183875
3188654 3183874
3188657 3183876
# burst 40
3188659 3183876
3188663 3183878
3188665 3183878
3188666 3183879
3188669 3183879
3188673 3183882
3188673 3183880
3188676 3183883
3188679 3183883
3188681 3183884
3188684 3183886
3188686 3183886
3188690 3183888
3188691 3183890
3188694 3183891
3188694 3183891
3188693 3183893
3188691 3183890
3188684 3183888
3188675 3183883
3188661 3183878
3188646 3183871
3188629 3183864
3188613 3183859
3188597 3183852
3188586 3183848
3188572 3183842
3188564 3183839
3188554 3183836
3188548 3183833
3188542 3183831
3188538 3183830
3188533 3183828
3188531 3183826
3188527 3183825
3188525 3183824
3188523 3183822
3188522 3183822
3188520 3183821
3188519 3183821
# burst 40
3188521 3183822
3188520 3183820
3188523 3183821
3188522 3183820
3188524 3183819
3188525 3183820
3188527 3183820
3188526 3183821
3188529 3183822
3188530 3183819
3188530 3183820
3188529 3183817
3188529 3183819
3188528 3183819
3188527 3183820
3188529 3183819
3188527 3183818
3188526 3183818
3188526 3183817
3188525 3183815
3188526 3183816
3188524 3183814
3188524 3183814
3188527 3183816
3188527 3183816
3188527 3183815
3188529 3183813
3188530 3183814
3188530 3183814
3188532 3183813
3188534 3183814
3188538 3183814
3188539 3183814
3188541 3183816
3188543 3183817
3188546 3183817
3188550 3183817
3188551 3183819
3188554 3183819
3188558 3183820
# burst 20
3188561 3183820
3188563 3183821
3188567 3183824
3188570 3183824
3188573 3183827
3188576 3183826
3188580 3183827
3188580 3183828
3188583 3183828
3188587 3183829
3188589 3183831
3188591 3183829
3188595 3183832
3188599 3183834
3188600 3183834
3188602 3183833
3188605 3183836
3188605 3183836
3188608 3183836
3188611 3183837
# burst 40
3188615 3183838
3188615 3183839
3188619 3183838
3188620 3183840
3188623 3183840
3188626 3183841
3188627 3183842
3188631 3183844
3188633 3183844
3188637 3183845
3188637 3183845
3188640 3183847
3188643 3183848
3188646 3183848
3188649 3183850
3188651 3183850
3188654 3183851
3188655 3183851
3188659 3183854
3188662 3183854
3188664 3183855
3188666 3183856
3188670 3183857
3188671 3183857
3188675 3183860
3188676 3183860
3188679 3183862
3188680 3183861
3188682 3183863
3188685 3183864
3188687 3183864
3188689 3183866
3188689 3183867
3188693 3183866
3188695 3183867
3188697 3183869
3188699 3183869
3188703 3183871
3188704 3183872
3188707 3183871
# burst 40
3188708 3183873
3188710 3183873
3188711 3183875
3188713 3183877
3188715 3183877
3188714 3183878
3188715 3183878
3188708 3183876
3188704 3183873
3188695 3183869
3188683 3183865
3188667 3183859
3188651 3183852
3188638 3183846
3188623 3183840
3188607 3183834
3188596 3183829
3188586 3183825
3188579 3183822
3188573 3183819
3188567 3183818
3188564 3183816
3188561 3183815
3188557 3183813
3188555 3183813
3188553 3183813
3188552 3183809
3188551 3183810
3188549 3183808
3188549 3183808
3188548 3183808
3188551 3183808
3188551 3183809
3188552 3183807
3188554 3183808
3188553 3183807
3188555 3183807
3188556 3183808
3188555 3183807
3188555 3183806
# burst 20
3188554 3183807
3188555 3183805
3188553 3183804
3188553 3183805
3188551 3183805
3188552 3183803
3188551 3183804
3188548 3183803
3188548 3183802
3188547 3183802
3188549 3183801
3188548 3183802
3188549 3183801
3188550 3183801
3188550 3183801
3188551 3183802
3188555 3183803
3188554 3183802
3188557 3183805
3188559 3183804
# burst 40
3188564 3183804
3188566 3183806
3188568 3183806
3188570 3183806
3188572 3183807
3188574 3183807
3188577 3183809
3188581 3183808
3188584 3183811
3188587 3183811
3188589 3183812
3188591 3183813
3188596 3183815
3188599 3183816
3188599 3183815
3188601 3183817
3188607 3183818
3188608 3183819
3188610 3183819
3188614 3183820
3188618 3183821
3188618 3183822
3188620 3183822
3188624 3183824
3188626 3183824
3188627 3183827
3188630 3183829
3188633 3183827
3188635 3183828
3188638 3183828
3188640 3183831
3188642 3183829
3188644 3183832
3188647 3183831
3188649 3183831
3188652 3183834
3188653 3183834
3188657 3183836
3188658 3183836
3188662 3183837
# burst 40
3188662 3183837
3188666 3183837
3188667 3183840
3188669 3183838
3188671 3183840
3188675 3183840
3188678 3183842
3188678 3183843
3188680 3183845
3188684 3183845
3188687 3183846
3188689 3183847
3188690 3183847
3188693 3183849
3188694 3183849
3188698 3183851
3188699 3183851
3188701 3183852
3188703 3183852
3188707 3183854
3188708 3183855
3188709 3183856
3188711 3183856
3188713 3183857
3188714 3183857
3188717 3183859
3188720 3183860
3188722 3183862
3188721 3183862
3188724 3183864
3188724 3183863
3188721 3183864
3188718 3183862
3188714 3183861
3188705 3183857
3188693 3183854
3188679 3183845
3188662 3183840
3188649 3183832
3188634 3183827
# burst 20
3188622 3183822
3188612 3183819
3188603 3183815
3188595 3183811
3188590 3183808
3188585 3183806
3188581 3183805
3188577 3183804
3188575 3183802
3188573 3183800
3188572 3183800
3188570 3183799
3188569 3183798
3188568 3183799
3188568 3183798
3188567 3183798
3188569 3183798
3188570 3183799
3188572 3183798
3188573 3183800
# burst 40
3188575 3183800
3188576 3183799
3188577 3183800
3188577 3183798
3188577 3183800
3188578 3183800
3188578 3183800
3188578 3183799
3188577 3183799
3188575 3183799
3188576 3183798
3188573 3183797
3188574 3183797
3188575 3183797
3188574 3183798
3188574 3183796
3188573 3183797
3188575 3183797
3188575 3183796
3188575 3183796
3188577 3183798
3188578 3183798
3188580 3183797
3188583 3183800
3188584 3183800
3188586 3183799
3188588 3183800
3188590 3183800
3188593 3183801
3188595 3183801
3188600 3183803
3188601 3183804
3188604 3183804
3188608 3183806
3188609 3183807
3188614 3183808
3188614 3183810
3188617 3183809
3188620 3183810
3188621 3183811
# burst 40
3188626 3183814
3188628 3183812
3188630 3183815
3188632 3183816
3188634 3183814
3188638 3183815
3188639 3183817
3188641 3183817
3188643 3183820
3188646 3183819
3188650 3183820
3188651 3183820
3188655 3183823
3188655 3183823
3188658 3183825
3188661 3183828
3188662 3183826
3188661 3183828
3188665 3183828
3188668 3183829
3188671 3183829
3188674 3183832
3188676 3183834
3188678 3183833
3188681 3183835
3188682 3183834
3188684 3183835
3188687 3183837
3188690 3183837
3188692 3183840
3188695 3183840
3188698 3183841
3188698 3183840
3188699 3183842
3188704 3183843
3188704 3183844
3188706 3183844
3188707 3183844
3188711 3183844
3188711 3183847
# burst 20
3188715 3183846
3188718 3183848
3188718 3183850
3188720 3183850
3188721 3183850
3188722 3183851
3188724 3183851
3188725 3183853
3188728 3183854
3188730 3183855
3188732 3183855
3188732 3183857
3188733 3183857
3188731 3183857
3188728 3183857
3188723 3183857
3188714 3183852
3188703 3183846
3188690 3183841
3188674 3183832
# burst 40
3188663 3183827
3188649 3183822
3188636 3183816
3188626 3183811
3188614 3183806
3188609 3183803
3188601 3183803
3188598 3183801
3188592 3183799
3188590 3183798
3188585 3183795
3188582 3183795
3188582 3183793
3188581 3183791
3188579 3183792
3188578 3183792
3188577 3183792
3188577 3183790
3188578 3183791
3188581 3183791
3188581 3183791
3188580 3183792
3188584 3183792
3188584 3183791
3188585 3183793
3188585 3183792
3188586 3183791
3188585 3183793
3188585 3183792
3188584 3183791
3188584 3183791
3188583 3183790
3188583 3183790
3188581 3183789
3188580 3183790
3188580 3183790
3188580 3183789
3188582 3183790
3188580 3183789
3188582 3183788
# burst 40
3188582 3183788
3188584 3183788
3188583 3183788
3188584 3183790
3188584 3183787
3188587 3183790
3188587 3183790
3188590 3183789
3188591 3183790
3188594 3183791
3188596 3183791
3188598 3183791
3188600 3183791
3188602 3183794
3188605 3183794
3188606 3183794
3188609 3183796
3188612 3183797
3188612 3183796
3188617 3183797
3188619 3183798
3188621 3183799
3188624 3183801
3188626 3183801
3188628 3183801
3188631 3183802
3188633 3183804
3188634 3183806
3188637 3183805
3188638 3183806
3188640 3183807
3188642 3183808
3188645 3183808
3188646 3183809
3188647 3183810
3188650 3183811
3188653 3183810
3188655 3183812
3188655 3183813
3188659 3183811
# burst 20
3188659 3183813
3188661 3183815
3188663 3183816
3188667 3183815
3188666 3183816
3188670 3183817
3188672 3183819
3188675 3183819
3188675 3183819
3188679 3183821
3188681 3183821
3188682 3183822
3188686 3183824
3188688 3183824
3188689 3183825
3188692 3183828
3188694 3183828
3188696 3183829
3188697 3183829
3188700 3183830
# burst 40
3188703 3183831
3188705 3183832
3188705 3183831
3188708 3183833
3188711 3183834
3188713 3183837
3188714 3183837
3188717 3183838
3188720 3183839
3188723 3183839
3188724 3183840
3188723 3183841
3188724 3183843
3188723 3183843
3188719 3183842
3188713 3183839
3188703 3183836
3188690 3183829
3188675 3183823
3188660 3183816
3188644 3183809
3188631 3183805
3188617 3183798
3188607 3183793
3188599 3183790
3188590 3183785
3188586 3183786
3188580 3183784
3188575 3183782
3188571 3183780
3188569 3183779
3188566 3183777
3188565 3183777
3188562 3183776
3188562 3183776
3188559 3183775
3188557 3183775
3188558 3183773
3188558 3183772
3188560 3183773
# burst 40
3188560 3183772
3188560 3183773
3188563 3183773
3188565 3183772
3188566 3183772
3188563 3183772
3188563 3183774
3188562 3183772
3188562 3183772
3188563 3183772
3188560 3183771
3188559 3183771
3188558 3183770
3188557 3183771
3188558 3183768
3188556 3183769
3188555 3183768
3188554 3183768
3188556 3183768
3188557 3183768
3188557 3183767
3188558 3183770
3188559 3183769
3188561 3183769
3188561 3183769
3188562 3183769
3188564 3183768
3188565 3183771
3188569 3183771
3188571 3183771
3188574 3183771
3188576 3183773
3188579 3183775
3188581 3183775
3188584 3183776
3188586 3183777
3188588 3183777
3188591 3183778
3188591 3183778
3188593 3183778
# burst 20
3188598 3183780
3188599 3183781
3188603 3183781
3188604 3183782
3188606 3183782
3188608 3183785
3188612 3183785
3188612 3183784
3188616 3183787
3188618 3183787
3188618 3183786
3188619 3183788
3188623 3183789
3188624 3183790
3188626 3183791
3188629 3183791
3188630 3183791
3188633 3183794
3188633 3183793
3188636 3183792
# burst 40
3188639 3183794
3188640 3183796
3188644 3183795
3188645 3183797
3188646 3183798
3188648 3183797
3188650 3183797
3188653 3183799
3188656 3183800
3188657 3183800
3188660 3183801
3188663 3183805
3188664 3183804
3188667 3183805
3188669 3183808
3188671 3183807
3188675 3183809
3188678 3183810
3188680 3183810
3188682 3183811
3188684 3183813
3188686 3183814
3188684 3183815
3188681 3183813
3188676 3183810
3188666 3183806
3188655 3183802
3188640 3183795
3188625 3183789
3188612 3183782
3188598 3183777
3188587 3183774
3188576 3183770
3188567 3183766
3188559 3183763
3188551 3183760
3188547 3183757
3188543 3183756
3188539 3183755
3188536 3183754
# burst 40
3188533 3183753
3188532 3183752
3188527 3183751
3188527 3183748
3188525 3183750
3188526 3183749
3188527 3183748
3188526 3183747
3188527 3183747
3188528 3183747
3188528 3183748
3188528 3183745
3188529 3183746
3188531 3183748
3188533 3183747
3188533 3183748
3188531 3183747
3188531 3183747
3188529 3183745
3188530 3183744
3188528 3183744
3188527 3183742
3188526 3183743
3188526 3183742
3188524 3183741
3188525 3183741
3188523 3183741
3188524 3183740
3188524 3183741
3188524 3183739
3188523 3183739
3188525 3183741
3188526 3183739
3188527 3183738
3188526 3183738
3188527 3183738
3188528 3183738
3188529 3183738
3188529 3183738
3188533 3183739
# burst 20
3188534 3183739
3188538 3183739
3188538 3183738
3188540 3183739
3188540 3183740
3188542 3183740
3188543 3183739
3188546 3183739
3188548 3183740
3188550 3183739
3188551 3183740
3188551 3183740
3188554 3183739
3188556 3183741
3188556 3183741
3188557 3183741
3188557 3183741
3188560 3183742
3188561 3183742
3188564 3183741
# burst 40
3188564 3183743
3188566 3183743
3188567 3183741
3188568 3183742
3188571 3183743
3188571 3183743
3188572 3183743
3188576 3183744
3188579 3183746
3188581 3183747
3188582 3183747
3188585 3183748
3188585 3183749
3188589 3183750
3188592 3183752
3188594 3183753
3188596 3183751
3188597 3183752
3188599 3183754
3188604 3183754
3188605 3183757
3188607 3183756
3188611 3183758
3188613 3183758
3188615 3183759
3188619 3183761
3188622 3183763
3188626 3183764
3188627 3183763
3188629 3183765
3188633 3183767
3188637 3183767
3188641 3183770
3188638 3183770
3188642 3183772
3188640 3183773
3188636 3183770
3188631 3183768
3188619 3183763
3188607 3183758
# burst 40
3188593 3183752
3188579 3183746
3188564 3183743
3188552 3183738
3188540 3183733
3188531 3183728
3188520 3183725
3188513 3183720
3188504 3183716
3188498 3183714
3188492 3183711
3188489 3183710
3188485 3183706
3188479 3183704
3188476 3183702
3188474 3183700
3188472 3183699
3188469 3183698
3188468 3183698
3188467 3183696
3188466 3183694
3188466 3183694
3188465 3183693
3188465 3183692
3188466 3183692
3188466 3183692
3188464 3183691
3188464 3183692
3188464 3183690
3188465 3183689
3188463 3183687
3188462 3183689
3188461 3183687
3188459 3183686
3188457 3183686
3188458 3183685
3188456 3183684
3188455 3183683
3188453 3183683
3188455 3183683
# burst 20
3188453 3183684
3188456 3183683
3188455 3183683
3188456 3183683
3188458 3183684
3188459 3183684
3188460 3183686
3188462 3183682
3188463 3183682
3188465 3183684
3188467 3183683
3188471 3183686
3188471 3183684
3188473 3183684
3188476 3183685
3188480 3183687
3188483 3183689
3188484 3183688
3188487 3183689
3188490 3183689
