3194787
3195830
3194793
3195838
3194798
3195843
3194800
3195848
3194801
3195848
3194801
3195844
3194802
3195836
3194798
3195831
3194795
3195822
3194791
3195812
3194790
3195799
3194783
3195783
3194777
3195764
3194768
3195745
3194764
3195725
3194756
3195715
3194750
3195700
3194747
3195686
3194743
3195669
3194737
3195655
3194733
3195643
3194731
3195635
3194725
3195629
3194715
3195620
3194711
3195615
3194706
3195611
3194701
3195608
3194696
3195607
3194690
3195602
3194679
3195597
3194668
3195590
3194657
3195580
3194645
3195568
3194639
3195561
3194632
3195556
3194630
3195553
3194629
3195552
3194628
3195547
3194626
3195543
3194621
3195535
3194616
3195527
3194610
3195515
3194601
3195506
3194591
3195496
3194585
3195487
3194573
3195480
3194564
3195470
3194554
3195464
3194544
3195455
3194537
3195447
3194527
3195439
3194515
3195430
3194507
3195419
3194495
3195410
3194486
3195404
3194477
3195396
3194470
3195390
3194463
3195385
3194455
3195381
3194451
3195376
3194446
3195372
3194440
3195367
3194435
3195362
3194427
3195358
3194421
3195352
3194413
3195347
3194405
3195344
3194396
3195340
3194391
3195341
3194386
3195338
3194385
3195338
3194380
3195338
3194378
3195337
3194373
3195336
3194370
3195332
3194365
3195327
3194361
3195322
3194356
3195315
3194349
3195305
3194342
3195295
3194336
3195285
3194327
3195271
3194319
3195257
3194309
3195240
3194300
3195225
3194287
3195204
3194274
3195182
3194256
3195158
3194239
3195133
3194219
3195108
3194198
3195082
3194176
3195057
3194154
3195033
3194134
3195009
3194115
3194991
3194099
3194972
3194085
3194954
3194073
3194939
3194061
3194927
3194054
3194918
3194048
3194912
3194046
3194905
3194038
3194899
3194033
3194892
3194024
3194885
3194014
3194877
3194007
3194867
3193996
3194859
3193987
3194852
3193977
3194842
3193969
3194831
3193956
3194821
3193946
3194811
3193938
3194802
3193924
3194790
3193914
3194781
3193902
3194768
3193890
3194757
3193877
3194745
3193864
3194733
3193854
3194726
3193843
3194716
3193834
3194704
3193822
3194695
3193813
3194683
3193803
3194676
3193793
3194666
3193782
3194656
3193771
3194646
3193762
3194636
3193753
3194627
3193741
3194615
3193732
3194606
3193722
3194598
3193712
3194589
3193706
3194583
3193701
3194577
3193697
3194573
3193690
3194567
3193684
3194563
3193680
3194557
3193677
3194555
3193673
3194553
3193671
3194550
3193669
3194548
3193667
3194544
3193665
3194543
3193661
3194540
3193656
3194538
3193654
3194536
3193652
3194534
3193651
3194533
3193648
3194532
3193645
3194527
3193643
3194524
3193640
3194522
3193637
3194520
3193632
3194517
3193630
3194514
3193629
3194516
3193628
3194513
3193630
3194514
3193628
3194515
3193626
3194511
3193623
3194506
3193621
3194505
3193618
3194503
3193616
3194501
3193615
3194502
3193617
3194502
3193612
3194503
3193608
3194499
3193602
3194496
3193597
3194495
3193591
3194492
3193585
3194490
3193578
3194487
3193574
3194485
3193567
3194480
3193560
3194478
3193552
3194474
3193549
3194472
3193543
3194468
3193543
3194468
3193538
3194467
3193537
3194468
3193533
3194466
3193529
3194461
3193524
3194458
3193515
3194451
3193509
3194447
3193506
3194441
3193503
3194439
3193499
3194436
3193494
3194433
3193490
3194427
3193484
3194423
3193482
3194418
3193474
3194414
3193470
3194408
3193466
3194404
3193459
3194397
3193454
3194393
3193450
3194388
3193445
3194387
3193443
3194386
3193441
3194383
3193439
3194384
3193435
3194382
3193431
3194379
3193425
3194373
3193417
3194365
3193410
3194360
3193403
3194351
3193397
3194347
3193391
3194345
3193386
3194339
3193380
3194335
3193375
3194331
3193369
3194325
3193366
3194321
3193359
3194317
3193355
3194313
3193351
3194308
3193345
3194304
3193343
3194301
3193339
3194298
3193336
3194295
3193329
3194291
3193327
3194287
3193324
3194286
3193322
3194283
3193318
3194281
3193317
3194277
3193314
3194276
3193311
3194271
3193306
3194269
3193303
3194264
3193299
3194261
3193296
3194258
3193292
3194252
3193287
3194248
3193282
3194242
3193278
3194236
3193271
3194232
3193268
3194228
3193266
3194225
3193261
3194221
3193256
3194217
3193252
3194212
3193248
3194205
3193244
3194203
3193238
3194195
3193236
3194194
3193232
3194192
3193230
3194188
3193225
3194182
3193220
3194178
3193217
3194176
3193214
3194170
3193211
3194167
3193202
3194157
3193196
3194154
3193193
3194147
3193186
3194141
3193184
3194137
3193180
3194135
3193175
3194128
3193168
3194122
3193158
3194118
3193151
3194112
3193146
3194108
3193138
3194104
3193132
3194099
3193124
3194095
3193115
3194090
3193103
3194083
3193096
3194073
3193087
3194067
3193078
3194059
3193068
3194052
3193061
3194046
3193051
3194038
3193042
3194029
3193032
3194021
3193022
3194011
3193014
3194004
3193003
3193994
3192996
3193986
3192990
3193980
3192984
3193974
3192978
3193966
3192970
3193956
3192961
3193948
3192953
3193942
3192946
3193934
3192939
3193926
3192933
3193919
3192929
3193914
3192922
3193910
3192917
3193905
3192912
3193898
3192906
3193891
3192898
3193887
3192896
3193882
3192890
3193877
3192886
3193872
3192878
3193868
3192873
3193862
3192868
3193857
3192862
3193850
3192859
3193846
3192854
3193842
3192849
3193839
3192845
3193830
3192839
3193828
3192832
3193819
3192827
3193815
3192823
3193812
3192822
3193812
3192821
3193808
3192817
3193807
3192817
3193806
3192817
3193804
3192812
3193801
3192814
3193801
3192819
3193802
3192820
3193805
3192818
3193802
3192813
3193799
3192812
3193797
3192811
3193795
3192810
3193794
3192808
3193793
3192807
3193789
3192807
3193788
3192803
3193785
3192804
3193786
3192804
3193785
3192806
3193786
3192806
3193788
3192807
3193787
3192805
3193787
3192805
3193784
3192803
3193784
3192803
3193781
3192801
3193778
3192801
3193779
3192802
3193777
3192804
3193779
3192803
3193777
3192801
3193776
3192798
3193773
3192798
3193771
3192794
3193767
3192794
3193766
3192792
3193767
3192796
3193768
3192798
3193771
3192799
3193769
3192797
3193769
3192796
3193767
3192795
3193764
3192794
3193762
3192793
3193760
3192794
3193761
3192792
3193761
3192796
3193761
3192795
3193760
3192793
3193757
3192792
3193756
3192792
3193754
3192789
3193751
3192791
3193753
3192794
3193754
3192795
3193758
3192796
3193758
3192795
3193758
3192787
3193754
3192782
3193749
3192774
3193742
3192767
3193739
3192761
3193734
3192758
3193731
3192753
3193728
3192748
3193725
3192743
3193721
3192740
3193716
3192731
3193708
3192727
3193704
3192719
3193698
3192713
3193691
3192707
3193688
3192702
3193682
3192696
3193675
3192692
3193672
3192689
3193668
3192688
3193667
3192687
3193665
3192684
3193660
3192680
3193656
3192675
3193650
3192669
3193643
3192665
3193640
3192664
3193638
3192666
3193639
3192666
3193640
3192668
3193641
3192668
3193640
3192665
3193637
3192659
3193630
3192654
3193625
3192649
3193622
3192650
3193620
3192649
3193619
3192653
3193622
3192657
3193626
3192659
3193627
3192655
3193625
3192653
3193619
3192650
3193617
3192648
3193612
3192647
3193612
3192649
3193613
3192649
3193613
3192650
3193614
3192650
3193613
3192653
3193615
3192655
3193617
3192654
3193614
3192652
3193612
3192647
3193607
3192645
3193607
3192646
3193606
3192647
3193608
3192652
3193611
3192655
3193611
3192655
3193612
3192658
3193612
3192657
3193614
3192660
3193615
3192662
3193616
3192662
3193615
3192661
3193613
3192659
3193611
3192661
3193613
3192661
3193612
3192664
3193613
3192668
3193616
3192669
3193617
3192670
3193617
3192669
3193620
3192670
3193619
3192668
3193618
3192669
3193616
3192669
3193616
3192668
3193615
3192669
3193613
3192667
3193612
3192664
3193608
3192664
3193607
3192665
3193607
3192664
3193607
3192664
3193605
3192662
3193603
3192661
3193603
3192664
3193605
3192666
3193606
3192664
3193603
3192663
3193602
3192660
3193600
3192661
3193599
3192661
3193597
3192659
3193597
3192660
3193594
3192657
3193592
3192656
3193589
3192654
3193590
3192656
3193590
3192652
3193587
3192657
3193589
3192656
3193588
3192655
3193585
3192652
3193585
3192652
3193583
3192653
3193582
3192653
3193582
3192652
3193580
3192653
3193579
3192651
3193578
3192652
3193579
3192651
3193580
3192650
3193579
3192646
3193575
3192642
3193573
3192636
3193571
3192632
3193563
3192623
3193559
3192617
3193556
3192611
3193550
3192604
3193541
3192597
3193537
3192591
3193529
3192585
3193524
3192578
3193518
3192571
3193513
3192564
3193506
3192557
3193498
3192550
3193492
3192545
3193489
3192542
3193483
3192537
3193479
3192533
3193473
3192528
3193468
3192522
3193464
3192520
3193461
3192519
3193457
3192516
3193457
3192518
3193456
3192517
3193456
3192514
3193454
3192512
3193449
3192512
3193449
3192509
3193450
3192509
3193447
3192507
3193447
3192509
3193448
3192510
3193447
3192509
3193448
3192507
3193446
3192507
3193444
3192503
3193442
3192502
3193439
3192496
3193437
3192492
3193434
3192490
3193429
3192486
3193427
3192483
3193423
3192485
3193424
3192483
3193423
3192483
3193422
3192482
3193421
3192477
3193419
3192476
3193414
3192473
3193414
3192472
3193409
3192472
3193411
3192475
3193414
3192477
3193415
3192478
3193415
3192479
3193418
3192478
3193417
3192478
3193415
3192478
3193416
3192479
3193417
3192480
3193417
3192482
3193419
3192487
3193422
3192492
3193428
3192496
3193434
3192501
3193440
3192509
3193446
3192518
3193452
3192518
3193456
3192522
3193458
3192525
3193462
3192527
3193465
3192530
3193467
3192535
3193471
3192538
3193475
3192544
3193480
3192546
3193483
3192548
3193486
3192550
3193488
3192552
3193491
3192554
3193492
3192556
3193493
3192556
3193493
3192562
3193499
3192567
3193501
3192569
3193507
3192574
3193512
3192578
3193515
3192579
3193515
3192578
3193517
3192578
3193517
3192581
3193519
3192584
3193523
3192589
3193527
3192592
3193530
3192595
3193533
3192598
3193536
3192600
3193537
3192602
3193540
3192606
3193542
3192607
3193544
3192610
3193547
3192614
3193551
3192620
3193556
3192621
3193559
3192625
3193560
3192627
3193560
3192629
3193563
3192631
3193567
3192631
3193566
3192636
3193571
3192638
3193575
3192638
3193576
3192639
3193579
3192640
3193581
3192642
3193583
3192643
3193585
3192643
3193587
3192642
3193588
3192642
3193588
3192638
3193585
3192632
3193582
3192625
3193576
3192621
3193573
3192618
3193570
3192616
3193567
3192615
3193566
3192614
3193571
3192616
3193571
3192616
3193571
3192619
3193571
3192616
3193572
3192618
3193574
3192622
3193576
3192625
3193577
3192631
3193584
3192635
3193587
3192637
3193591
3192639
3193593
3192643
3193596
3192643
3193594
3192642
3193594
3192643
3193598
3192646
3193600
3192647
3193601
3192650
3193606
3192650
3193607
3192654
3193608
3192654
3193609
3192654
3193611
3192654
3193611
3192658
3193615
3192662
3193618
3192662
3193620
3192664
3193623
3192666
3193624
3192664
3193623
3192664
3193622
3192662
3193620
3192660
3193621
3192664
3193623
3192668
3193628
3192672
3193633
3192679
3193637
3192682
3193642
3192683
3193643
3192686
3193644
3192688
3193648
3192690
3193650
3192696
3193656
3192701
3193659
3192701
3193660
3192704
3193663
3192707
3193665
3192710
3193667
3192712
3193672
3192716
3193672
3192718
3193677
3192724
3193681
3192724
3193683
3192729
3193683
3192731
3193686
3192733
3193689
3192737
3193692
3192742
3193697
3192747
3193700
3192750
3193704
3192754
3193706
3192757
3193709
3192759
3193710
3192759
3193710
3192760
3193710
3192765
3193714
3192769
3193715
3192772
3193719
3192778
3193723
3192781
3193724
3192782
3193727
3192781
3193724
3192781
3193725
3192781
3193723
3192782
3193724
3192786
3193727
3192791
3193730
3192796
3193734
3192799
3193734
3192802
3193737
3192804
3193735
3192804
3193735
3192803
3193732
3192801
3193733
3192805
3193733
3192807
3193735
3192811
3193737
3192810
3193738
3192813
3193739
3192810
3193739
3192807
3193740
3192808
3193742
3192807
3193738
3192806
3193739
3192804
3193737
3192799
3193733
3192794
3193728
3192790
3193721
3192782
3193714
3192774
3193707
3192770
3193700
3192766
3193697
3192759
3193692
3192756
3193687
3192753
3193684
3192749
3193680
3192745
3193677
3192744
3193674
3192747
3193674
3192747
3193672
3192746
3193669
3192743
3193668
3192744
3193667
3192742
3193664
3192741
3193660
3192739
3193659
3192739
3193657
3192737
3193657
3192737
3193656
3192735
3193654
3192735
3193652
3192734
3193648
3192732
3193648
3192729
3193644
3192731
3193645
3192730
3193645
3192729
3193641
3192727
3193638
3192726
3193635
3192722
3193631
3192719
3193628
3192716
3193624
3192716
3193622
3192714
3193619
3192713
3193619
3192714
3193615
3192710
3193614
3192709
3193611
3192708
3193609
3192710
3193610
3192712
3193609
3192710
3193606
3192708
3193603
3192709
3193603
3192707
3193603
3192708
3193602
3192709
3193600
3192708
3193599
3192708
3193598
3192708
3193597
3192710
3193597
3192710
3193598
3192711
3193594
3192711
3193595
3192710
3193593
3192713
3193596
3192717
3193596
3192719
3193598
3192722
3193598
3192719
3193598
3192719
3193595
3192718
3193594
3192719
3193594
3192719
3193592
3192720
3193594
3192722
3193593
3192725
3193595
3192722
3193594
3192726
3193591
3192723
3193589
3192722
3193589
3192722
3193587
3192724
3193587
3192723
3193586
3192723
3193586
3192723
3193587
3192725
3193586
3192724
3193586
3192724
3193585
3192726
3193584
3192726
3193585
3192724
3193581
3192724
3193581
3192725
3193582
3192722
3193578
3192722
3193578
3192722
3193577
3192724
3193578
3192726
3193578
3192725
3193576
3192725
3193575
3192723
3193573
3192721
3193572
3192721
3193571
3192722
3193571
3192723
3193574
3192724
3193575
3192724
3193575
3192722
3193574
3192715
3193571
3192710
3193569
3192707
3193569
3192704
3193563
3192698
3193560
3192692
3193553
3192681
3193544
3192669
3193535
3192659
3193526
3192645
3193513
3192636
3193504
3192628
3193498
3192621
3193492
3192617
3193487
3192611
3193482
3192606
3193477
3192600
3193473
3192597
3193469
3192592
3193464
3192587
3193461
3192585
3193456
3192582
3193454
3192577
3193451
3192573
3193446
3192572
3193446
3192572
3193445
3192573
3193445
3192571
3193445
3192571
3193445
3192571
3193444
3192570
3193443
3192567
3193444
3192570
3193445
3192571
3193447
3192571
3193445
3192568
3193445
3192566
3193445
3192563
3193442
3192558
3193439
3192557
3193439
3192557
3193437
3192556
3193437
3192555
3193437
3192555
3193440
3192558
3193442
3192555
3193442
3192554
3193442
3192552
3193438
3192551
3193437
3192546
3193435
3192547
3193437
3192548
3193437
3192548
3193441
3192551
3193443
3192552
3193443
3192551
3193444
3192551
3193442
3192550
3193442
3192549
3193444
3192550
3193444
3192552
3193445
3192553
3193448
3192555
3193450
3192556
3193454
3192556
3193453
3192559
3193455
3192559
3193456
3192561
3193458
3192562
3193462
3192564
3193463
3192565
3193464
3192565
3193466
3192565
3193467
3192566
3193467
3192566
3193469
3192567
3193469
3192567
3193467
3192566
3193468
3192567
3193471
3192570
3193471
3192570
3193473
3192572
3193473
3192570
3193473
3192567
3193471
3192566
3193471
3192569
3193474
3192572
3193475
3192572
3193477
3192573
3193479
3192574
3193479
3192571
3193478
3192571
3193477
3192571
3193477
3192570
3193476
3192570
3193476
3192572
3193477
3192572
3193478
3192571
3193477
3192570
3193477
3192569
3193477
3192574
3193481
3192573
3193480
3192573
3193481
3192573
3193481
3192574
3193481
3192574
3193481
3192573
3193480
3192575
3193483
3192575
3193484
3192576
3193486
3192574
3193486
3192569
3193483
3192563
3193480
3192559
3193477
3192557
3193477
3192549
3193474
3192546
3193471
3192539
3193467
3192528
3193456
3192517
3193448
3192504
3193439
3192495
3193430
3192485
3193421
3192476
3193417
3192471
3193411
3192463
3193405
3192454
3193399
3192449
3193394
3192445
3193392
3192442
3193387
3192437
3193387
3192437
3193386
3192433
3193384
3192429
3193382
3192426
3193378
3192423
3193378
3192424
3193379
3192424
3193379
3192424
3193379
3192422
3193380
3192423
3193381
3192424
3193381
3192425
3193386
3192427
3193391
3192429
3193393
3192429
3193391
3192425
3193390
3192424
3193390
3192423
3193390
3192423
3193395
3192425
3193397
3192425
3193398
3192426
3193398
3192424
3193399
3192421
3193397
3192421
3193398
3192422
3193399
3192422
3193402
3192422
3193404
3192421
3193406
3192424
3193407
3192424
3193407
3192425
3193410
3192424
3193410
3192425
3193413
3192425
3193414
3192427
3193415
3192430
3193422
3192433
3193424
3192437
3193429
3192438
3193429
3192440
3193433
3192444
3193437
3192450
3193442
3192454
3193447
3192458
3193449
3192458
3193452
3192461
3193455
3192466
3193458
3192473
3193466
3192480
3193471
3192483
3193477
3192486
3193480
3192491
3193483
3192490
3193483
3192494
3193487
3192499
3193491
3192504
3193496
3192509
3193499
3192512
3193503
3192516
3193503
3192512
3193502
3192514
3193502
3192514
3193505
3192520
3193509
3192527
3193516
3192531
3193520
3192533
3193522
3192533
3193521
3192536
3193521
3192538
3193524
3192543
3193526
3192544
3193529
3192547
3193532
3192551
3193534
3192552
3193535
3192555
3193537
3192556
3193540
3192560
3193543
3192566
3193547
3192571
3193551
3192572
3193553
3192575
3193555
3192578
3193556
3192580
3193559
3192585
3193563
3192585
3193563
3192585
3193564
3192588
3193566
3192590
3193570
3192591
3193574
3192592
3193576
3192593
3193577
3192596
3193582
3192596
3193584
3192597
3193587
3192596
3193587
3192592
3193586
3192587
3193582
3192578
3193574
3192568
3193569
3192560
3193561
3192552
3193555
3192547
3193553
3192545
3193549
3192542
3193551
3192543
3193551
3192546
3193554
3192549
3193557
3192553
3193561
3192559
3193566
3192563
3193570
3192568
3193575
3192573
3193580
3192576
3193581
3192581
3193585
3192584
3193587
3192585
3193587
3192585
3193589
3192588
3193591
3192593
3193597
3192597
3193599
3192603
3193604
3192607
3193607
3192608
3193606
3192608
3193608
3192613
3193609
3192612
3193608
3192616
3193612
3192620
3193613
3192623
3193613
3192624
3193613
3192624
3193609
3192621
3193607
3192622
3193606
3192624
3193605
3192628
3193606
3192627
3193606
3192631
3193605
3192632
3193606
3192635
3193606
3192637
3193606
3192639
3193606
3192645
3193606
3192646
3193607
3192652
3193611
3192656
3193610
3192660
3193613
3192663
3193614
3192666
3193614
3192668
3193612
3192667
3193613
3192671
3193613
3192674
3193615
3192676
3193617
3192681
3193620
3192686
3193622
3192689
3193623
3192692
3193623
3192692
3193625
3192696
3193626
3192699
3193627
3192701
3193631
3192705
3193634
3192709
3193637
3192711
3193637
3192713
3193636
3192715
3193639
3192717
3193639
3192719
3193642
3192719
3193642
3192721
3193643
3192723
3193645
3192725
3193645
3192726
3193646
3192727
3193646
3192727
3193647
3192728
3193648
3192730
3193648
3192729
3193648
3192730
3193649
3192733
3193652
3192735
3193652
3192737
3193654
3192736
3193655
3192736
3193652
3192737
3193652
3192737
3193652
3192736
3193651
3192738
3193653
3192739
3193652
3192739
3193653
3192739
3193654
3192738
3193653
3192733
3193653
3192731
3193653
3192731
3193652
3192727
3193649
3192720
3193644
3192711
3193636
3192702
3193630
3192693
3193620
3192682
3193610
3192672
3193601
3192659
3193590
3192651
3193583
3192646
3193573
3192640
3193571
3192637
3193567
3192634
3193562
3192630
3193559
3192631
3193558
3192631
3193557
3192631
3193559
3192632
3193560
3192633
3193556
3192630
3193553
3192630
3193550
3192630
3193552
3192631
3193551
3192629
3193551
3192629
3193548
3192629
3193550
3192631
3193549
3192632
3193549
3192631
3193549
3192631
3193548
3192632
3193548
3192632
3193546
3192629
3193544
3192628
3193540
3192625
3193538
3192626
3193537
3192626
3193537
3192625
3193533
3192623
3193532
3192621
3193529
3192619
3193528
3192621
3193527
3192624
3193529
3192626
3193528
3192628
3193529
3192627
3193529
3192628
3193529
3192630
3193530
3192634
3193534
3192641
3193537
3192645
3193542
3192646
3193541
3192648
3193542
3192648
3193540
3192650
3193538
3192650
3193540
3192653
3193543
3192654
3193544
3192658
3193543
3192658
3193542
3192657
3193544
3192657
3193541
3192658
3193544
3192659
3193542
3192662
3193544
3192664
3193544
3192665
3193547
3192666
3193549
3192670
3193550
3192671
3193548
3192671
3193548
3192671
3193548
3192673
3193549
3192674
3193549
3192674
3193547
3192673
3193547
3192674
3193547
3192673
3193546
3192676
3193550
3192680
3193552
3192678
3193550
3192678
3193547
3192678
3193546
3192678
3193545
3192678
3193546
3192679
3193546
3192681
3193546
3192679
3193546
3192681
3193545
3192679
3193542
3192681
3193543
3192680
3193543
3192679
3193543
3192679
3193540
3192679
3193540
3192679
3193540
3192679
3193541
3192681
3193539
3192679
3193538
3192679
3193537
3192679
3193534
3192680
3193536
3192680
3193536
3192681
3193536
3192678
3193533
3192677
3193530
3192673
3193525
3192672
3193527
3192672
3193527
3192675
3193530
3192675
3193534
3192673
3193534
3192669
3193530
3192662
3193524
3192652
3193518
3192643
3193509
3192633
3193500
3192621
3193489
3192608
3193475
3192594
3193461
3192581
3193449
3192568
3193436
3192560
3193430
3192553
3193425
3192549
3193420
3192544
3193415
3192540
3193415
3192536
3193410
3192534
3193409
3192533
3193408
3192532
3193407
3192529
3193406
3192527
3193405
3192527
3193404
3192527
3193405
3192528
3193407
3192529
3193408
3192529
3193408
3192529
3193409
3192528
3193408
3192527
3193412
3192528
3193411
3192526
3193411
3192526
3193415
3192527
3193415
3192529
3193415
3192527
3193416
3192525
3193417
3192525
3193418
3192524
3193417
3192521
3193417
3192521
3193418
3192520
3193418
3192519
3193419
3192518
3193418
3192515
3193416
3192513
3193414
3192510
3193414
3192511
3193413
3192509
3193414
3192512
3193418
3192513
3193419
3192514
3193420
3192514
3193421
3192512
3193420
3192514
3193421
3192515
3193422
3192517
3193427
3192520
3193427
3192521
3193429
3192523
3193430
3192524
3193431
3192524
3193432
3192526
3193433
3192525
3193435
3192528
3193435
3192530
3193439
3192532
3193440
3192533
3193441
3192537
3193441
3192537
3193445
3192541
3193448
3192542
3193448
3192544
3193449
3192545
3193451
3192547
3193451
3192545
3193449
3192551
3193451
3192549
3193453
3192552
3193457
3192555
3193456
3192555
3193455
3192555
3193454
3192557
3193456
3192557
3193457
3192559
3193458
3192564
3193461
3192563
3193461
3192563
3193459
3192562
3193460
3192563
3193459
3192566
3193461
3192568
3193462
3192569
3193462
3192569
3193461
3192567
3193461
3192568
3193461
3192567
3193462
3192567
3193460
3192568
3193461
3192569
3193459
3192568
3193458
3192568
3193457
3192568
3193459
3192572
3193461
3192571
3193461
3192572
3193460
3192571
3193460
3192573
3193459
3192574
3193460
3192573
3193460
3192574
3193462
3192574
3193459
3192573
3193461
3192572
3193461
3192572
3193462
3192571
3193464
3192571
3193464
3192565
3193462
3192563
3193458
3192557
3193455
3192550
3193448
3192540
3193440
3192527
3193430
3192514
3193418
3192502
3193405
3192487
3193393
3192474
3193382
3192462
3193372
3192455
3193363
3192447
3193358
3192442
3193353
3192437
3193350
3192433
3193346
3192431
3193343
3192427
3193340
3192425
3193341
3192427
3193341
3192428
3193342
3192428
3193340
3192426
3193341
3192425
3193340
3192426
3193341
3192426
3193340
3192425
3193340
3192424
3193342
3192427
3193343
3192426
3193343
3192424
3193344
3192425
3193345
3192423
3193343
3192421
3193341
3192420
3193342
3192417
3193341
3192416
3193339
3192415
3193337
3192412
3193334
3192408
3193335
3192405
3193334
3192404
3193334
3192402
3193331
3192400
3193331
3192399
3193332
3192401
3193331
3192399
3193331
3192399
3193329
3192398
3193329
3192397
3193329
3192398
3193332
3192401
3193336
3192402
3193338
3192409
3193342
3192411
3193344
3192415
3193349
3192418
3193350
3192419
3193353
3192423
3193356
3192426
3193359
3192428
3193361
3192433
3193366
3192438
3193369
3192441
3193373
3192445
3193373
3192445
3193376
3192448
3193376
3192449
3193379
3192451
3193381
3192456
3193385
3192464
3193392
3192467
3193394
3192470
3193396
3192470
3193396
3192472
3193396
3192472
3193396
3192476
3193401
3192483
3193405
3192486
3193410
3192492
3193414
3192496
3193416
3192498
3193418
3192503
3193420
3192502
3193422
3192506
3193422
3192508
3193423
3192511
3193427
3192515
3193430
3192517
3193433
3192521
3193435
3192525
3193436
3192526
3193438
3192527
3193438
3192526
3193439
3192530
3193439
3192531
3193440
3192533
3193443
3192539
3193448
3192541
3193450
3192544
3193453
3192547
3193457
3192551
3193458
3192552
3193460
3192555
3193462
3192556
3193462
3192555
3193461
3192556
3193461
3192558
3193464
3192563
3193469
3192567
3193474
3192570
3193478
3192570
3193479
3192568
3193481
3192569
3193483
3192567
3193483
3192565
3193482
3192566
3193485
3192562
3193484
3192555
3193476
3192543
3193469
3192532
3193458
3192521
3193448
3192510
3193439
3192505
3193434
3192502
3193434
3192503
3193434
3192504
3193435
3192507
3193436
3192510
3193441
3192514
3193446
3192519
3193451
3192524
3193455
3192529
3193458
3192533
3193459
3192536
3193462
3192538
3193463
3192539
3193464
3192543
3193469
3192547
3193470
3192547
3193471
3192551
3193471
3192551
3193473
3192555
3193477
3192562
3193481
3192563
3193483
3192565
3193482
3192567
3193483
3192570
3193485
3192572
3193484
3192572
3193482
3192571
3193481
3192573
3193477
3192572
3193478
3192571
3193474
3192571
3193475
3192572
3193473
3192575
3193471
3192576
3193471
3192579
3193473
3192579
3193473
3192583
3193476
3192589
3193479
3192593
3193483
3192596
3193484
3192601
3193487
3192606
3193489
3192609
3193490
3192610
3193491
3192612
3193493
3192615
3193495
3192619
3193499
3192626
3193503
3192628
3193505
3192630
3193506
3192630
3193506
3192633
3193508
3192636
3193512
3192642
3193516
3192649
3193521
3192653
3193525
3192657
3193527
3192657
3193527
3192660
3193529
3192660
3193530
3192662
3193531
3192667
3193535
3192669
3193539
3192671
3193540
3192673
3193541
3192676
3193543
3192680
3193547
3192687
3193552
3192692
3193558
3192695
3193558
3192696
3193559
3192695
3193556
3192691
3193553
3192689
3193551
3192692
3193555
3192699
3193558
3192705
3193562
3192708
3193566
3192708
3193566
3192708
3193564
3192708
3193562
3192711
3193565
3192713
3193568
3192715
3193569
3192720
3193574
3192722
3193575
3192723
3193576
3192723
3193575
3192717
3193573
3192713
3193573
3192713
3193573
3192711
3193570
3192708
3193567
3192699
3193560
3192691
3193552
3192679
3193541
3192668
3193528
3192653
3193513
3192643
3193505
3192632
3193494
3192626
3193486
3192621
3193479
3192619
3193476
3192615
3193474
3192615
3193473
3192617
3193472
3192620
3193475
3192622
3193476
3192625
3193478
3192624
3193477
3192625
3193478
3192624
3193474
3192623
3193474
3192623
3193473
3192626
3193473
3192627
3193476
3192628
3193474
3192628
3193476
3192627
3193473
3192625
3193473
3192626
3193472
3192626
3193472
3192627
3193472
3192626
3193470
3192626
3193469
3192623
3193467
3192620
3193463
3192619
3193460
3192615
3193456
3192614
3193456
3192615
3193454
3192615
3193453
3192617
3193454
3192617
3193452
3192615
3193452
3192616
3193452
3192617
3193451
3192616
3193451
3192620
3193453
3192619
3193451
3192619
3193452
3192620
3193452
3192618
3193450
3192617
3193448
3192620
3193450
3192622
3193452
3192626
3193454
3192627
3193456
3192631
3193457
3192630
3193457
3192631
3193456
3192631
3193457
3192634
3193458
3192635
3193458
3192637
3193461
3192639
3193462
3192643
3193465
3192645
3193463
3192642
3193463
3192640
3193464
3192644
3193465
3192645
3193465
3192647
3193467
3192648
3193466
3192648
3193468
3192647
3193468
3192647
3193464
3192646
3193462
3192645
3193460
3192647
3193460
3192646
3193461
3192648
3193461
3192647
3193461
3192645
3193458
3192646
3193456
3192647
3193457
3192647
3193457
3192649
3193458
3192647
3193458
3192650
3193457
3192650
3193458
3192648
3193456
3192647
3193454
3192648
3193453
3192650
3193453
3192648
3193452
3192647
3193451
3192647
3193446
3192645
3193444
3192643
3193443
3192644
3193443
3192644
3193442
3192643
3193442
3192643
3193442
3192644
3193443
3192645
3193443
3192642
3193443
3192639
3193440
3192637
3193441
3192633
3193437
3192627
3193430
3192618
3193421
3192606
3193409
3192593
3193393
3192577
3193378
3192562
3193361
3192549
3193346
3192536
3193335
3192528
3193326
3192520
3193316
3192513
3193310
3192507
3193303
3192507
3193301
3192504
3193301
3192506
3193298
3192506
3193299
3192507
3193298
3192505
3193297
3192503
3193294
3192502
3193293
3192502
3193291
3192503
3193291
3192506
3193292
3192507
3193294
3192507
3193295
3192509
3193296
3192508
3193294
3192509
3193295
3192508
3193296
3192510
3193295
3192511
3193297
3192511
3193295
3192512
3193298
3192508
3193297
3192506
3193294
3192504
3193292
3192503
3193289
3192501
3193287
3192499
3193286
3192500
3193289
3192501
3193289
3192498
3193285
3192498
3193285
3192499
3193285
3192499
3193286
3192500
3193288
3192500
3193289
3192502
3193289
3192500
3193288
3192498
3193288
3192499
3193288
3192500
3193291
3192504
3193294
3192506
3193295
3192506
3193295
3192509
3193298
3192510
3193302
3192513
3193304
3192515
3193305
3192514
3193305
3192515
3193306
3192514
3193305
3192518
3193309
3192522
3193314
3192525
3193318
3192527
3193318
3192525
3193317
3192525
3193318
3192526
3193318
3192526
3193317
3192526
3193321
3192528
3193323
3192532
3193325
3192532
3193325
3192531
3193325
3192529
3193323
3192528
3193321
3192528
3193322
3192531
3193324
3192532
3193324
3192532
3193323
3192532
3193326
3192532
3193323
3192530
3193323
3192531
3193321
3192532
3193322
3192532
3193323
3192528
3193320
3192529
3193317
3192526
3193316
3192527
3193316
3192528
3193318
3192529
3193317
3192531
3193317
3192530
3193318
3192532
3193317
3192532
3193318
3192535
3193317
3192535
3193319
3192533
3193318
3192534
3193317
3192533
3193315
3192533
3193311
3192531
3193309
3192531
3193312
3192532
3193316
3192532
3193314
3192526
3193311
3192521
3193308
3192516
3193305
3192511
3193300
3192505
3193293
3192496
3193283
3192483
3193269
3192471
3193257
3192456
3193242
3192440
3193227
3192428
3193213
3192419
3193203
3192411
3193197
3192408
3193190
3192403
3193188
3192400
3193183
3192398
3193183
3192396
3193181
3192396
3193179
3192397
3193178
3192397
3193179
3192399
3193181
3192398
3193181
3192396
3193179
3192395
3193180
3192398
3193182
3192400
3193184
3192401
3193186
3192406
3193188
3192406
3193193
3192407
3193195
3192408
3193195
3192408
3193197
3192405
3193196
3192406
3193198
3192407
3193200
3192408
3193203
3192411
3193206
3192409
3193206
3192407
3193207
3192404
3193207
3192404
3193204
3192403
3193206
3192402
3193208
3192404
3193208
3192404
3193209
3192404
3193208
3192403
3193210
3192404
3193215
3192406
3193215
3192408
3193218
3192408
3193219
3192411
3193223
3192416
3193227
3192420
3193233
3192423
3193236
3192427
3193239
3192426
3193241
3192429
3193243
3192430
3193244
3192434
3193249
3192438
3193253
3192442
3193256
3192443
3193258
3192447
3193264
3192452
3193267
3192455
3193272
3192461
3193275
3192465
3193281
3192469
3193285
3192476
3193290
3192480
3193295
3192485
3193298
3192485
3193299
3192487
3193300
3192489
3193301
3192492
3193304
3192496
3193307
3192500
3193313
3192503
3193315
3192507
3193318
3192506
3193315
3192508
3193315
3192508
3193315
3192508
3193316
3192512
3193318
3192516
3193322
3192520
3193326
3192522
3193326
3192524
3193326
3192528
3193329
3192530
3193330
3192532
3193331
3192532
3193333
3192533
3193333
3192537
3193335
3192539
3193336
3192544
3193339
3192546
3193342
3192548
3193341
3192546
3193341
3192549
3193343
3192553
3193346
3192555
3193346
3192555
3193349
3192556
3193351
3192562
3193354
3192560
3193356
3192561
3193359
3192563
3193364
3192565
3193369
3192566
3193369
3192565
3193368
3192559
3193367
3192551
3193358
3192542
3193350
3192532
3193338
3192518
3193327
3192505
3193316
3192496
3193307
3192491
3193301
3192491
3193299
3192490
3193301
3192492
3193301
3192494
3193305
3192500
3193311
3192507
3193317
3192514
3193325
3192522
3193331
3192525
3193334
3192530
3193338
3192534
3193342
3192540
3193346
3192541
3193348
3192544
3193351
3192548
3193356
3192554
3193363
3192559
3193369
3192565
3193374
3192568
3193376
3192570
3193377
3192569
3193377
3192570
3193378
3192573
3193380
3192577
3193386
3192580
3193390
3192582
3193388
3192583
3193389
3192581
3193388
3192579
3193386
3192580
3193385
3192581
3193389
3192587
3193392
3192592
3193397
3192592
3193400
3192597
3193403
3192598
3193403
3192598
3193406
3192603
3193407
3192605
3193409
3192608
3193410
3192609
3193411
3192611
3193415
3192616
3193418
3192619
3193423
3192621
3193424
3192621
3193427
3192625
3193430
3192630
3193432
3192630
3193435
3192634
3193437
3192636
3193442
3192641
3193446
3192640
3193447
3192642
3193445
3192641
3193447
3192642
3193447
3192645
3193449
3192650
3193454
3192652
3193457
3192653
3193459
3192658
3193462
3192661
3193466
3192662
3193466
3192664
3193467
3192664
3193467
3192666
3193470
3192667
3193471
3192670
3193472
3192670
3193475
3192673
3193473
3192672
3193473
3192674
3193475
3192676
3193474
3192675
3193474
3192674
3193471
3192676
3193472
3192677
3193476
3192678
3193476
3192677
3193474
3192677
3193472
3192676
3193469
3192677
3193472
3192677
3193472
3192676
3193471
3192678
3193470
3192677
3193470
3192677
3193471
3192678
3193471
3192676
3193473
3192676
3193472
3192672
3193470
3192667
3193468
3192661
3193464
3192655
3193458
3192645
3193448
3192633
3193437
3192621
3193425
3192609
3193411
3192596
3193399
3192583
3193386
3192570
3193373
3192561
3193363
3192555
3193359
3192553
3193354
3192551
3193355
3192555
3193359
3192555
3193359
3192556
3193358
3192555
3193357
3192552
3193354
3192552
3193355
3192554
3193355
3192556
3193356
3192555
3193357
3192555
3193355
3192552
3193353
3192549
3193350
3192551
3193350
3192551
3193353
3192551
3193355
3192553
3193354
3192554
3193358
3192555
3193357
3192554
3193356
3192554
3193353
3192550
3193355
3192551
3193352
3192549
3193354
3192550
3193354
3192549
3193353
3192549
3193353
3192546
3193350
3192546
3193351
3192547
3193352
3192546
3193350
3192547
3193352
3192546
3193353
3192546
3193354
3192548
3193354
3192548
3193352
3192548
3193355
3192546
3193355
3192549
3193359
3192550
3193359
3192554
3193362
3192555
3193362
3192556
3193364
3192557
3193365
3192560
3193369
3192562
3193370
3192564
3193373
3192565
3193375
3192566
3193376
3192567
3193376
3192567
3193375
3192568
3193377
3192568
3193376
3192566
3193378
3192567
3193378
3192566
3193377
3192566
3193376
3192566
3193377
3192568
3193381
3192569
3193380
3192570
3193383
3192572
3193384
3192573
3193383
3192570
3193382
3192566
3193377
3192563
3193375
3192559
3193372
3192557
3193370
3192554
3193367
3192555
3193365
3192553
3193366
3192553
3193365
3192554
3193367
3192553
3193366
3192552
3193370
3192555
3193369
3192554
3193370
3192559
3193371
3192558
3193374
3192558
3193375
3192558
3193374
3192556
3193371
3192554
3193369
3192553
3193369
3192551
3193369
3192551
3193366
3192550
3193365
3192549
3193364
3192545
3193359
3192542
3193359
3192543
3193360
3192545
3193360
3192546
3193363
3192548
3193363
3192548
3193367
3192547
3193367
3192545
3193366
3192541
3193365
3192536
3193363
3192531
3193358
3192522
3193352
3192507
3193336
3192491
3193321
3192474
3193303
3192457
3193287
3192441
3193273
3192429
3193263
3192421
3193252
3192414
3193247
3192408
3193243
3192405
3193240
3192404
3193237
3192402
3193236
3192402
3193234
3192403
3193237
3192407
3193239
3192406
3193238
3192404
3193237
3192406
3193238
3192404
3193236
3192405
3193234
3192407
3193238
3192410
3193240
3192414
3193243
3192415
3193245
3192419
3193247
3192418
3193247
3192419
3193246
3192420
3193250
3192423
3193250
3192424
3193251
3192422
3193250
3192422
3193249
3192418
3193246
3192415
3193242
3192411
3193238
3192411
3193236
3192410
3193237
3192411
3193238
3192410
3193237
3192408
3193234
3192405
3193229
3192401
3193226
3192398
3193226
3192399
3193225
3192398
3193223
3192399
3193224
3192399
3193223
3192397
3193220
3192397
3193220
3192395
3193219
3192396
3193220
3192400
3193223
3192401
3193223
3192404
3193225
3192403
3193225
3192406
3193226
3192402
3193225
3192405
3193227
3192407
3193227
3192408
3193228
3192410
3193230
3192413
3193234
3192414
3193236
3192416
3193238
3192417
3193239
3192419
3193242
3192422
3193242
3192424
3193247
3192428
3193248
3192432
3193253
3192432
3193253
3192433
3193255
3192436
3193256
3192438
3193258
3192440
3193258
3192439
3193260
3192442
3193263
3192444
3193264
3192446
3193268
3192447
3193271
3192450
3193270
3192454
3193274
3192459
3193277
3192460
3193280
3192459
3193281
3192463
3193282
3192463
3193283
3192465
3193285
3192469
3193289
3192473
3193292
3192477
3193296
3192478
3193298
3192483
3193301
3192486
3193305
3192488
3193306
3192490
3193310
3192492
3193312
3192498
3193314
3192502
3193319
3192505
3193322
3192505
3193324
3192509
3193325
3192509
3193326
3192511
3193329
3192513
3193330
3192513
3193332
3192512
3193332
3192515
3193338
3192513
3193341
3192512
3193340
3192510
3193340
3192505
3193336
3192498
3193328
3192489
3193320
3192477
3193310
3192468
3193299
3192455
3193288
3192445
3193278
3192436
3193270
3192433
3193266
3192432
3193267
3192435
3193270
3192438
3193273
3192443
3193276
3192448
3193281
3192452
3193284
3192457
3193287
3192462
3193292
3192468
3193296
3192472
3193298
3192475
3193300
3192476
3193301
3192476
3193301
3192481
3193303
3192484
3193305
3192487
3193308
3192488
3193309
3192489
3193310
3192490
3193309
3192491
3193308
3192494
3193311
3192497
3193313
3192497
3193313
3192500
3193314
3192500
3193315
3192500
3193314
3192500
3193312
3192499
3193310
3192497
3193308
3192496
3193307
3192497
3193308
3192498
3193309
3192500
3193311
3192503
3193315
3192505
3193317
3192507
3193319
3192509
3193320
3192510
3193322
3192512
3193326
3192518
3193330
3192521
3193335
3192527
3193338
3192530
3193343
3192533
3193346
3192533
3193346
3192535
3193348
3192539
3193352
3192545
3193358
3192548
3193361
3192551
3193367
3192555
3193368
3192554
3193371
3192558
3193371
3192561
3193375
3192566
3193382
3192570
3193382
3192573
3193386
3192577
3193388
3192578
3193391
3192583
3193394
3192588
3193397
3192590
3193401
3192593
3193402
3192594
3193404
3192597
3193405
3192599
3193407
3192601
3193409
3192605
3193410
3192608
3193411
3192610
3193413
3192613
3193415
3192617
3193417
3192617
3193418
3192620
3193421
3192624
3193421
3192627
3193422
3192632
3193426
3192635
3193429
3192639
3193431
3192641
3193432
3192643
3193433
3192647
3193436
3192650
3193438
3192654
3193442
3192657
3193442
3192659
3193443
3192660
3193445
3192660
3193446
3192665
3193452
3192669
3193456
3192671
3193460
3192674
3193464
3192672
3193462
3192670
3193460
3192663
3193455
3192655
3193447
3192643
3193435
3192634
3193424
3192620
3193411
3192609
3193398
3192600
3193389
3192593
3193382
3192588
3193377
3192585
3193373
3192584
3193376
3192589
3193376
3192592
3193379
3192597
3193386
3192603
3193389
3192606
3193393
3192609
3193393
3192609
3193392
3192611
3193396
3192613
3193396
3192615
3193397
3192617
3193399
3192620
3193399
3192621
3193401
3192621
3193400
3192620
3193401
3192621
3193401
3192624
3193403
3192625
3193404
3192627
3193404
3192625
3193404
3192626
3193403
3192628
3193405
3192624
3193403
3192626
3193402
3192625
3193400
3192624
3193400
3192623
3193399
3192622
3193398
3192621
3193395
3192620
3193394
3192619
3193395
3192618
3193393
3192617
3193389
3192617
3193389
3192615
3193389
3192617
3193389
3192616
3193388
3192616
3193388
3192619
3193388
3192617
3193387
3192617
3193386
3192614
3193385
3192614
3193385
3192616
3193386
3192616
3193386
3192617
3193386
3192615
3193385
3192616
3193382
3192613
3193380
3192612
3193380
3192611
3193381
3192614
3193380
3192614
3193379
3192614
3193381
3192615
3193381
3192618
3193384
3192616
3193383
3192619
3193384
3192617
3193382
3192617
3193381
3192617
3193382
3192619
3193384
3192618
3193384
3192618
3193384
3192616
3193381
3192617
3193382
3192617
3193382
3192618
3193382
3192620
3193384
3192617
3193384
3192617
3193383
3192617
3193383
3192617
3193382
3192617
3193382
3192617
3193382
3192619
3193384
3192618
3193385
3192620
3193386
3192620
3193385
3192621
3193386
3192619
3193387
3192622
3193387
3192621
3193389
3192624
3193388
3192624
3193388
3192622
3193388
3192621
3193386
3192622
3193387
3192622
3193391
3192624
3193391
3192625
3193394
3192624
3193398
3192620
3193395
3192617
3193392
3192608
3193385
3192598
3193376
3192587
3193365
3192574
3193355
3192560
3193342
3192545
3193327
3192532
3193313
3192518
3193300
3192506
3193289
3192501
3193282
3192493
3193277
3192488
3193274
3192487
3193271
3192486
3193269
3192483
3193268
3192482
3193269
3192485
3193269
3192485
3193268
3192484
3193268
3192484
3193267
3192482
3193266
3192484
3193265
3192483
3193264
3192482
3193264
3192484
3193266
3192484
3193266
3192487
3193270
3192490
3193271
3192488
3193271
3192490
3193271
3192491
3193273
3192492
3193273
3192492
3193272
3192494
3193272
3192491
3193271
3192490
3193271
3192489
3193267
3192487
3193264
3192483
3193264
3192485
3193266
3192485
3193264
3192486
3193265
3192486
3193263
3192485
3193261
3192483
3193261
3192484
3193260
3192483
3193262
3192487
3193264
3192488
3193263
3192488
3193264
3192488
3193262
3192488
3193262
3192489
3193263
3192491
3193265
3192493
3193268
3192499
3193273
3192500
3193274
3192503
3193275
3192505
3193276
3192503
3193274
3192507
3193277
3192509
3193278
3192510
3193281
3192512
3193282
3192515
3193284
3192516
3193285
3192514
3193283
3192515
3193283
3192514
3193283
3192519
3193284
3192520
3193288
3192526
3193291
3192524
3193292
3192524
3193290
3192524
3193291
3192524
3193291
3192524
3193291
3192526
3193292
3192527
3193293
3192529
3193294
3192527
3193292
3192529
3193292
3192526
3193292
3192527
3193291
3192528
3193293
3192530
3193292
3192529
3193293
3192532
3193294
3192531
3193294
3192529
3193294
3192530
3193292
3192529
3193292
3192530
3193290
3192531
3193293
3192530
3193294
3192532
3193291
3192532
3193294
3192532
3193293
3192532
3193292
3192533
3193293
3192532
3193292
3192535
3193293
3192533
3193292
3192531
3193290
3192529
3193288
3192530
3193289
3192532
3193291
3192531
3193291
3192533
3193292
3192531
3193293
3192528
3193292
3192522
3193287
3192515
3193284
3192512
3193280
3192500
3193272
3192490
3193260
3192474
3193247
3192459
3193231
3192441
3193214
3192427
3193200
3192411
3193189
3192405
3193181
3192401
3193178
3192397
3193173
3192394
3193171
3192390
3193169
3192388
3193169
3192394
3193172
3192399
3193178
3192398
3193180
3192400
3193180
3192398
3193177
3192397
3193176
3192394
3193174
3192394
3193174
3192396
3193176
3192397
3193179
3192400
3193183
3192404
3193184
3192404
3193187
3192406
3193189
3192404
3193187
3192406
3193189
3192405
3193189
3192406
3193190
3192405
3193189
3192407
3193190
3192406
3193189
3192405
3193190
3192406
3193189
3192403
3193186
3192401
3193181
3192399
3193183
3192398
3193183
3192398
3193182
3192399
3193185
3192400
3193186
3192400
3193187
3192402
3193189
3192405
3193192
3192408
3193194
3192412
3193197
3192411
3193198
3192412
3193201
3192415
3193205
3192419
3193209
3192419
3193211
3192424
3193212
3192426
3193216
3192427
3193220
3192431
3193224
3192437
3193226
3192440
3193231
3192447
3193236
3192449
3193241
3192452
3193244
3192457
3193248
3192461
3193253
3192463
3193254
3192464
3193258
3192470
3193265
3192475
3193267
3192478
3193272
3192481
3193274
3192483
3193278
3192484
3193277
3192485
3193276
3192483
3193274
3192487
3193278
3192489
3193283
3192493
3193286
3192496
3193289
3192501
3193293
3192501
3193292
3192501
3193295
3192505
3193296
3192504
3193297
3192507
3193298
3192509
3193303
3192515
3193305
3192515
3193306
3192518
3193309
3192519
3193310
3192519
3193308
3192520
3193310
3192522
3193313
3192525
3193317
3192530
3193319
3192534
3193321
3192535
3193322
3192535
3193322
3192537
3193322
3192537
3193323
3192536
3193321
3192536
3193324
3192540
3193327
3192543
3193331
3192546
3193335
3192546
3193336
3192544
3193335
3192543
3193334
3192540
3193332
3192532
3193326
3192524
3193316
3192513
3193306
3192500
3193293
3192489
3193281
3192480
3193269
3192471
3193261
3192464
3193252
3192462
3193251
3192463
3193250
3192464
3193250
3192469
3193255
3192476
3193260
3192484
3193264
3192490
3193269
3192496
3193272
3192501
3193275
3192506
3193278
3192506
3193279
3192516
3193285
3192516
3193286
3192522
3193288
3192525
3193294
3192527
3193296
3192531
3193297
3192531
3193299
3192536
3193304
3192539
3193306
3192542
3193308
3192543
3193309
3192545
3193309
3192546
3193310
3192545
3193312
3192546
3193312
3192547
3193313
3192546
3193313
3192546
3193311
3192545
3193312
3192545
3193312
3192546
3193313
3192547
3193315
3192549
3193318
3192555
3193322
3192559
3193328
3192562
3193331
3192565
3193333
3192570
3193338
3192572
3193339
3192576
3193345
3192580
3193349
3192583
3193354
3192587
3193357
3192590
3193361
3192592
3193363
3192594
3193366
3192597
3193368
3192600
3193372
3192602
3193375
3192606
3193378
3192611
3193383
3192615
3193389
3192617
3193391
3192619
3193393
3192622
3193396
3192626
3193400
3192629
3193403
3192633
3193407
3192636
3193411
3192636
3193411
3192638
3193412
3192641
3193416
3192644
3193417
3192649
3193422
3192654
3193425
3192655
3193426
3192656
3193427
3192655
3193426
3192655
3193427
3192658
3193428
3192662
3193431
3192663
3193433
3192664
3193435
3192668
3193436
3192670
3193437
3192673
3193437
3192673
3193438
3192676
3193439
3192675
3193437
3192676
3193437
3192678
3193439
3192681
3193441
3192679
3193441
3192679
3193440
3192677
3193442
3192676
3193441
3192675
3193441
3192672
3193437
3192666
3193433
3192656
3193423
3192646
3193410
3192633
3193398
3192619
3193383
3192606
3193367
3192591
3193352
3192581
3193340
3192573
3193330
3192569
3193324
3192566
3193323
3192568
3193324
3192569
3193324
3192572
3193326
3192576
3193329
3192583
3193335
3192589
3193338
3192591
3193339
3192591
3193338
3192593
3193339
3192594
3193341
3192597
3193343
3192600
3193343
3192599
3193343
3192601
3193344
3192600
3193343
3192600
3193344
3192599
3193343
3192596
3193340
3192595
3193338
3192591
3193337
3192590
3193337
3192588
3193335
3192587
3193333
3192586
3193333
3192583
3193331
3192578
3193326
3192576
3193324
3192573
3193321
3192571
3193319
3192573
3193325
3192573
3193324
3192572
3193323
3192567
3193321
3192566
3193319
3192564
3193317
3192565
3193320
3192566
3193322
3192568
3193325
3192572
3193328
3192574
3193331
3192574
3193333
3192577
3193334
3192578
3193337
3192581
3193340
3192584
3193345
3192586
3193349
3192589
3193352
3192589
3193352
3192588
3193353
3192589
3193354
3192589
3193352
3192589
3193353
3192590
3193354
3192589
3193355
3192592
3193355
3192589
3193354
3192591
3193357
3192588
3193356
3192585
3193353
3192585
3193353
3192585
3193353
3192584
3193353
3192587
3193355
3192586
3193356
3192585
3193353
3192582
3193349
3192578
3193346
3192574
3193344
3192573
3193342
3192575
3193343
3192576
3193345
3192575
3193344
3192572
3193343
3192569
3193338
3192566
3193336
3192564
3193333
3192562
3193332
3192560
3193330
3192561
3193331
3192558
3193331
3192558
3193329
3192556
3193327
3192558
3193328
3192558
3193327
3192556
3193327
3192556
3193326
3192556
3193326
3192556
3193327
3192556
3193330
3192551
3193326
3192547
3193322
3192541
3193317
3192530
3193312
3192522
3193303
3192510
3193293
3192495
3193279
3192480
3193263
3192463
3193246
3192447
3193232
3192432
3193212
3192419
3193198
3192405
3193186
3192396
3193176
3192390
3193172
3192387
3193169
3192388
3193167
3192387
3193167
3192388
3193168
3192390
3193166
3192391
3193168
3192394
3193170
3192397
3193171
3192399
3193173
3192403
3193178
3192408
3193183
3192415
3193188
3192418
3193193
3192421
3193194
3192420
3193195
3192424
3193196
3192426
3193199
3192430
3193204
3192434
3193210
3192441
3193213
3192443
3193217
3192440
3193212
3192432
3193206
3192426
3193202
3192424
3193201
3192421
3193201
3192418
3193198
3192417
3193195
3192413
3193194
3192414
3193195
3192413
3193197
3192415
3193198
3192417
3193199
3192417
3193201
3192419
3193202
3192419
3193204
3192417
3193202
3192414
3193200
3192413
3193200
3192414
3193201
3192414
3193201
3192416
3193202
3192414
3193202
3192413
3193200
3192413
3193202
3192413
3193202
3192415
3193203
3192417
3193205
3192418
3193206
3192419
3193207
3192421
3193210
3192421
3193210
3192420
3193206
3192414
3193203
3192411
3193199
3192409
3193199
3192411
3193197
3192411
3193199
3192413
3193201
3192413
3193203
3192414
3193203
3192415
3193204
3192414
3193204
3192412
3193201
3192414
3193199
3192412
3193200
3192410
3193197
3192409
3193195
3192408
3193192
3192405
3193191
3192401
3193188
3192399
3193183
3192397
3193183
3192396
3193183
3192393
3193179
3192394
3193179
3192396
3193177
3192394
3193177
3192393
3193174
3192394
3193174
3192393
3193173
3192393
3193171
3192390
3193171
3192389
3193168
3192386
3193165
3192385
3193163
3192383
3193159
3192379
3193156
3192376
3193155
3192379
3193154
3192378
3193155
3192381
3193157
3192382
3193158
3192382
3193159
3192382
3193158
3192381
3193159
3192379
3193161
3192376
3193159
3192370
3193152
3192363
3193146
3192353
3193137
3192341
3193123
3192327
3193109
3192314
3193098
3192305
3193089
3192297
3193084
3192291
3193078
3192288
3193073
3192286
3193072
3192284
3193073
3192285
3193072
3192288
3193076
3192288
3193078
3192288
3193080
3192292
3193082
3192297
3193088
3192301
3193090
3192305
3193093
3192304
3193095
3192305
3193093
3192303
3193092
3192302
3193093
3192300
3193089
3192298
3193088
3192297
3193087
3192297
3193086
3192297
3193088
3192298
3193089
3192300
3193088
3192301
3193091
3192302
3193092
3192302
3193091
3192299
3193089
3192298
3193087
3192297
3193086
3192299
3193088
3192301
3193089
3192303
3193092
3192303
3193090
3192302
3193089
3192299
3193087
3192301
3193086
3192299
3193084
3192299
3193085
3192300
3193084
3192302
3193085
3192305
3193086
3192309
3193092
3192314
3193096
3192320
3193100
3192323
3193102
3192327
3193104
3192330
3193105
3192331
3193108
3192334
3193108
3192340
3193114
3192348
3193122
3192351
3193124
3192354
3193126
3192355
3193127
3192357
3193129
3192360
3193131
3192363
3193133
3192367
3193138
3192370
3193141
3192374
3193145
3192379
3193148
3192380
3193151
3192381
3193152
3192386
3193155
3192388
3193157
3192392
3193161
3192394
3193162
3192395
3193163
3192397
3193165
3192399
3193165
3192398
3193168
3192403
3193171
3192405
3193175
3192408
3193178
3192411
3193179
3192413
3193180
3192414
3193183
3192419
3193188
3192423
3193195
3192428
3193198
3192432
3193202
3192436
3193204
3192439
3193206
3192438
3193205
3192436
3193205
3192438
3193207
3192440
3193210
3192444
3193215
3192447
3193221
3192450
3193225
3192450
3193227
3192448
3193227
3192445
3193226
3192442
3193221
3192435
3193216
3192424
3193206
3192414
3193196
3192403
3193185
3192395
3193176
3192387
3193169
3192385
3193166
3192382
3193165
3192384
3193165
3192386
3193168
3192390
3193172
3192397
3193177
3192406
3193187
3192416
3193192
